date,close,portfolio_value,daily_return,position,beta,g_pos,g_neg,holding_days,target_days,cash
2017-03-01,903.1999999999998,310000.0,0.0,0,0.9,0.0,0.0,0,0,310000.0
2017-03-02,892.8000000000002,310000.0,0.0,0,0.9,0.0,0.0,0,0,310000.0
2017-03-03,893.1999999999998,310000.0,0.0,0,0.9,0.0,4.980039873380954,0,0,310000.0
2017-03-06,196.0,310000.0,0.0,0,1.0,0.0,7.383699213195399,0,0,310000.0
2017-03-07,174.0,310000.0,0.0,0,1.0,0.0,476.95151109038005,0,0,310000.0
2017-03-08,136.0,310000.0,0.0,0,1.0,0.0,822.8768708949301,0,0,310000.0
2017-03-09,52.0,310000.0,0.0,0,1.0,0.0,1077.355123031787,0,0,310000.0
2017-03-10,-625.4000000000005,310000.0,0.0,0,1.1,0.0,1285.7063778506183,0,0,310000.0
2017-03-13,-509.60000000000036,310000.0,0.0,0,1.1,0.0,1894.1028555521727,0,0,310000.0
2017-03-14,-1078.7999999999993,310000.0,0.0,0,1.2,0.0,2196.863011699983,0,0,310000.0
2017-03-15,-1103.5999999999995,310000.0,0.0,0,1.2,0.0,2788.051513781435,0,0,310000.0
2017-03-16,-858.0,310000.0,0.0,0,1.2,0.0,3192.8451569009994,0,0,310000.0
2017-03-17,-243.40000000000055,310000.0,0.0,0,1.1,0.0,3229.672457941615,0,0,310000.0
2017-03-20,-259.60000000000036,310000.0,0.0,0,1.1,165.70620472704468,2634.5215198115184,0,0,310000.0
2017-03-21,-369.8000000000002,310000.0,0.0,0,1.1,395.495597581131,2046.825198379891,0,0,310000.0
2017-03-22,292.0,310000.0,0.0,0,1.0,469.714989001807,1596.9874469434244,0,0,310000.0
2017-03-23,258.0,310000.0,0.0,0,1.0,1021.3748171109322,530.0187036239782,0,0,310000.0
2017-03-24,260.0,310000.0,0.0,0,1.0,1345.6043097740835,0.0,0,0,310000.0
2017-03-27,302.0,310000.0,0.0,0,1.0,1523.268784697156,0.0,0,0,310000.0
2017-03-28,940.0,310000.0,0.0,0,0.9,1637.549595601828,0.0,0,0,310000.0
2017-03-29,936.5999999999995,310000.0,0.0,0,0.9,2159.334277073415,0.0,0,0,310000.0
2017-03-30,934.1999999999998,310000.0,0.0,0,0.9,2495.5759206659736,0.0,0,0,310000.0
2017-03-31,1500.8000000000002,310000.0,0.0,0,0.8,2693.0896856200497,0.0,0,0,310000.0
2017-04-05,1534.0,310000.0,0.0,0,0.8,3223.684522833917,0.0,0,0,310000.0
2017-04-06,1508.8000000000002,310000.0,0.0,0,0.8,3589.613018886089,0.0,0,0,310000.0
2017-04-07,1507.1999999999998,310000.0,0.0,0,0.8,3778.0329230151992,0.0,0,0,310000.0
2017-04-10,1555.5999999999995,309676.0,-0.001045161290322616,-10,0.8,0.0,0.0,0,1,199632.0
2017-04-11,1556.8000000000002,309632.0,-0.00014208398455162197,0,0.8,58.466134392382116,0.0,1,0,309632.0
2017-04-12,1489.5999999999995,309632.0,0.0,0,0.8,60.12720803317167,0.0,1,0,309632.0
2017-04-13,1513.1999999999998,309632.0,0.0,0,0.8,14.395127360526809,18.725062184499073,1,0,309632.0
2017-04-14,1550.8000000000002,309632.0,0.0,0,0.8,0.0,16.236824653065256,1,0,309632.0
2017-04-17,1578.3999999999996,309632.0,0.0,0,0.8,10.98889335836324,0.0,1,0,309632.0
2017-04-18,1592.3999999999996,309632.0,0.0,0,0.8,37.19819386790856,0.0,1,0,309632.0
2017-04-19,2166.2000000000003,309632.0,0.0,0,0.7,63.618591928894915,0.0,1,0,309632.0
2017-04-20,2194.8,309632.0,0.0,0,0.7,476.08861957657336,0.0,1,0,309632.0
2017-04-21,2202.0000000000005,309632.0,0.0,0,0.7,788.271765356691,0.0,1,0,309632.0
2017-04-24,2238.2,309632.0,0.0,0,0.7,993.3750392232043,0.0,1,0,309632.0
2017-04-25,2236.2000000000003,309632.0,0.0,0,0.7,1131.886621210531,0.0,1,0,309632.0
2017-04-26,1616.0,309632.0,0.0,0,0.8,1186.0563415810516,0.0,1,0,309632.0
2017-04-27,1665.1999999999998,309632.0,0.0,0,0.8,619.199905966533,271.37213581405274,1,0,309632.0
2017-04-28,1656.0,309632.0,0.0,0,0.8,99.84885224772631,512.6496535238183,1,0,309632.0
2017-05-02,1716.8000000000002,309632.0,0.0,0,0.8,0.0,675.9920826283969,1,0,309632.0
2017-05-03,1725.1999999999998,309632.0,0.0,0,0.8,0.0,712.5152201506505,1,0,309632.0
2017-05-04,2332.4,309632.0,0.0,0,0.7,0.0,685.343689932233,1,0,309632.0
2017-05-05,2283.0000000000005,309632.0,0.0,0,0.7,332.47561052107994,52.39072902474183,1,0,309632.0
2017-05-08,2913.2000000000003,309632.0,0.0,0,0.6,603.6780319772674,0.0,1,0,309632.0
2017-05-09,3472.0,309632.0,0.0,0,0.5,1233.7993610341364,0.0,1,0,309632.0
2017-05-10,3428.0,309632.0,0.0,0,0.5,2062.2340583444475,0.0,1,0,309632.0
2017-05-11,4058.4,309632.0,0.0,0,0.4,2569.5289559294324,0.0,1,0,309632.0
2017-05-12,4039.6,309632.0,0.0,0,0.4,3330.6982304103285,0.0,1,0,309632.0
2017-05-15,4058.4,309632.0,0.0,0,0.4,3784.7136460259308,0.0,1,0,309632.0
2017-05-16,4708.8,309632.0,0.0,0,0.3,4040.7290059451343,0.0,1,0,309632.0
2017-05-17,4096.799999999999,309632.0,0.0,0,0.4,4646.183859371266,0.0,1,0,309632.0
2017-05-18,3463.0,309632.0,0.0,0,0.5,4546.34538640086,0.0,1,0,309632.0
2017-05-19,2847.2000000000003,309632.0,0.0,0,0.6,3813.106754170464,298.7613677696038,1,0,309632.0
2017-05-22,2284.0,309632.0,0.0,0,0.7,2471.1767075461767,1054.4884640024593,1,0,309632.0
2017-05-23,2245.6000000000004,309632.0,0.0,0,0.7,695.0869479908055,1995.4844187328022,1,0,309632.0
2017-05-24,1612.0,309632.0,0.0,0,0.8,0.0,2656.631899837144,1,0,309632.0
2017-05-25,1587.1999999999998,309632.0,0.0,0,0.8,0.0,3527.6457507973,1,0,309632.0
2017-05-26,1560.3999999999996,309632.0,0.0,0,0.8,0.0,4062.5410347777697,1,0,309632.0
2017-05-31,929.0,309632.0,0.0,0,0.9,0.0,4368.4660947623715,1,0,309632.0
2017-06-01,-189.80000000000018,309632.0,0.0,0,1.1,0.0,4990.041896482584,1,0,309632.0
2017-06-02,-744.0,309632.0,0.0,0,1.2,0.0,6187.026384516829,1,0,309632.0
2017-06-05,-770.3999999999996,309632.0,0.0,0,1.2,0.0,7389.207296996943,1,0,309632.0
2017-06-06,-740.3999999999996,309632.0,0.0,0,1.2,0.0,8176.132259866926,1,0,309632.0
2017-06-07,-709.5999999999995,309632.0,0.0,0,1.2,0.0,8603.175947402955,1,0,309632.0
2017-06-08,-727.5999999999995,309632.0,0.0,0,1.2,0.0,8740.417853647801,1,0,309632.0
2017-06-09,-699.5999999999995,309960.0,0.0010593220338983578,10,1.2,0.0,0.0,0,1,179388.0
2017-06-12,-713.1999999999998,310136.0,0.0005678152019614746,0,1.2,0.0,0.0,1,0,310136.0
2017-06-13,-709.1999999999998,310136.0,0.0,0,1.2,3.8765963059523525,0.0,1,0,310136.0
2017-06-14,-702.3999999999996,310136.0,0.0,0,1.2,6.761373859478297,0.0,1,0,310136.0
2017-06-15,-686.0,310136.0,0.0,0,1.2,11.67391625109743,0.0,1,0,310136.0
2017-06-16,-684.8000000000002,310136.0,0.0,0,1.2,26.04792735184328,0.0,1,0,310136.0
2017-06-19,-656.8000000000002,310136.0,0.0,0,1.2,36.92401612974455,0.0,1,0,310136.0
2017-06-20,-1219.4000000000005,310136.0,0.0,0,1.3,63.62984152250429,0.0,1,0,310136.0
2017-06-21,-1238.1999999999998,310136.0,0.0,0,1.3,0.0,351.88861203639266,1,0,310136.0
2017-06-22,-643.5999999999995,310136.0,0.0,0,1.2,0.0,615.4207398980685,1,0,310136.0
2017-06-23,-666.0,310136.0,0.0,0,1.2,53.868099946021175,290.4316969869459,1,0,310136.0
2017-06-26,-665.1999999999998,310136.0,0.0,0,1.2,78.50993211539364,0.0,1,0,310136.0
2017-06-27,-649.1999999999998,310136.0,0.0,0,1.2,100.03131187108977,0.0,1,0,310136.0
2017-06-28,-691.1999999999998,310136.0,0.0,0,1.2,130.80912556006118,0.0,1,0,310136.0
2017-06-29,-720.0,310136.0,0.0,0,1.2,126.02939637871509,0.0,1,0,310136.0
2017-06-30,-742.0,310136.0,0.0,0,1.2,51.67919100459409,0.0,1,0,310136.0
2017-07-03,-756.3999999999996,310136.0,0.0,0,1.2,0.0,41.040810923973396,1,0,310136.0
2017-07-04,-766.3999999999996,310136.0,0.0,0,1.2,0.0,78.09701059168329,1,0,310136.0
2017-07-05,-760.8000000000002,310136.0,0.0,0,1.2,0.0,108.80152962467075,1,0,310136.0
2017-07-06,-782.8000000000002,310136.0,0.0,0,1.2,0.0,121.46010425433774,1,0,310136.0
2017-07-07,-738.0,310136.0,0.0,0,1.2,0.0,143.0682996922943,1,0,310136.0
2017-07-10,-748.0,310136.0,0.0,0,1.2,3.990769706706093,118.3733551132863,1,0,310136.0
2017-07-11,-642.3999999999996,310136.0,0.0,0,1.2,4.607110971170871,102.30398209203699,1,0,310136.0
2017-07-12,-624.0,310136.0,0.0,0,1.2,81.23382014576364,0.0,1,0,310136.0
2017-07-13,-634.0,310136.0,0.0,0,1.2,148.7876513413095,0.0,1,0,310136.0
2017-07-14,-615.5999999999995,310136.0,0.0,0,1.2,185.14840642081606,0.0,1,0,310136.0
2017-07-17,-1209.4000000000005,310136.0,0.0,0,1.3,218.16211077856138,0.0,1,0,310136.0
2017-07-18,-1184.4000000000005,310136.0,0.0,0,1.3,0.0,358.85678783156754,1,0,310136.0
2017-07-19,-1183.4000000000005,310136.0,0.0,0,1.3,0.0,600.3749231946356,1,0,310136.0
2017-07-20,-1183.6000000000004,310136.0,0.0,0,1.3,0.0,762.6261889520222,1,0,310136.0
2017-07-21,-1170.8000000000002,310136.0,0.0,0,1.3,0.0,847.1828151013335,1,0,310136.0
2017-07-24,-1799.6000000000004,310136.0,0.0,0,1.4,0.0,854.95396564725,1,0,310136.0
2017-07-25,-1819.5999999999985,310136.0,0.0,0,1.4,0.0,1291.0828206032459,1,0,310136.0
2017-07-26,-1793.6000000000004,310136.0,0.0,0,1.4,0.0,1594.0820650203632,1,0,310136.0
2017-07-27,-1819.199999999999,310136.0,0.0,0,1.4,0.0,1773.067406447679,1,0,310136.0
2017-07-28,-1834.7999999999993,310136.0,0.0,0,1.4,0.0,1885.6084910366744,1,0,310136.0
2017-07-31,-2061.199999999999,310136.0,0.0,0,1.4,0.0,1933.441098490276,1,0,310136.0
2017-08-01,-1418.6000000000004,310136.0,0.0,0,1.3,0.0,2100.2586632203124,1,0,310136.0
2017-08-02,-744.7999999999993,310136.0,0.0,0,1.2,279.05936618281373,1631.7751722602707,1,0,310136.0
2017-08-03,-692.3999999999996,310136.0,0.0,0,1.2,956.6945247326846,515.638902238713,1,0,310136.0
2017-08-04,-713.5999999999995,310136.0,0.0,0,1.2,1467.937993352822,0.0,1,0,310136.0
2017-08-07,-696.7999999999993,310136.0,0.0,0,1.2,1780.3282283908152,0.0,1,0,310136.0
2017-08-08,-716.3999999999996,310136.0,0.0,0,1.2,1951.0184135183313,0.0,1,0,310136.0
2017-08-09,-729.5999999999995,310136.0,0.0,0,1.2,1973.5410049591776,0.0,1,0,310136.0
2017-08-10,-706.7999999999993,310136.0,0.0,0,1.2,1926.8104181275246,0.0,1,0,310136.0
2017-08-11,35.399999999999636,309072.0,-0.003430752959991734,-10,1.1,0.0,0.0,0,8,165240.0
2017-08-14,-21.200000000000728,309664.0,0.0019154112957497915,-10,1.1,497.4194673569,0.0,1,8,165240.0
2017-08-15,-12.600000000000364,309552.0,-0.00036168233956801465,-10,1.1,807.361314290287,0.0,2,8,165240.0
2017-08-16,592.0,309608.0,0.00018090660050651408,-10,1.0,1010.811637612717,0.0,3,8,165240.0
2017-08-17,1218.3999999999996,309648.0,0.00012919562802005125,-10,0.9,1571.4108299103682,0.0,4,8,165240.0
2017-08-18,1850.0,309780.0,0.00042629049759734805,-10,0.8,2391.6399780164356,0.0,5,8,165240.0
2017-08-21,2446.8,310172.0,0.001265414164891121,-10,0.7,3385.9130380873826,0.0,6,8,165240.0
2017-08-22,2500.2000000000007,310128.0,-0.00014185677624023452,-10,0.7,4463.577776660025,0.0,7,8,165240.0
2017-08-23,2553.6000000000004,310172.0,0.00014187690244038542,0,0.7,5199.11067264275,0.0,8,0,310172.0
2017-08-24,1917.5999999999995,310172.0,0.0,0,0.8,5649.320244022488,0.0,8,0,310172.0
2017-08-25,1915.5999999999995,310172.0,0.0,0,0.8,5330.124637685938,0.0,8,0,310172.0
2017-08-28,1928.7999999999993,310172.0,0.0,0,0.8,4948.431990685603,0.0,8,0,310172.0
2017-08-29,1279.5999999999995,310200.0,9.027249397108861e-05,-10,0.9,0.0,0.0,0,1,189112.0
2017-08-30,1288.3999999999996,310228.0,9.026434558356833e-05,0,0.9,0.0,569.4327664997022,1,0,310228.0
2017-08-31,1291.5999999999995,310228.0,0.0,0,0.9,0.0,939.1371798277726,1,0,310228.0
2017-09-01,636.0,310228.0,0.0,0,1.0,0.0,1147.3261094928996,1,0,310228.0
2017-09-04,636.0,310228.0,0.0,0,1.0,0.0,1734.669141461977,1,0,310228.0
2017-09-05,10.199999999999818,310228.0,0.0,0,1.1,0.0,2118.3898234405,1,0,310228.0
2017-09-06,-16.400000000000546,310228.0,0.0,0,1.1,0.0,2805.1571689626703,1,0,310228.0
2017-09-07,-661.5999999999995,310228.0,0.0,0,1.2,0.0,3263.4894477120984,1,0,310228.0
2017-09-08,-682.0,310228.0,0.0,0,1.2,0.0,4019.025166120531,1,0,310228.0
2017-09-11,-1362.3999999999996,310228.0,0.0,0,1.3,0.0,4510.994682167043,1,0,310228.0
2017-09-12,-1341.0,310228.0,0.0,0,1.3,0.0,5298.416892069182,1,0,310228.0
2017-09-13,-1363.6000000000004,310228.0,0.0,0,1.3,0.0,5780.776002639545,1,0,310228.0
2017-09-14,-1399.0,310228.0,0.0,0,1.3,0.0,6066.04259584394,1,0,310228.0
2017-09-15,-738.0,310228.0,0.0,0,1.2,0.0,6222.3644530888505,1,0,310228.0
2017-09-18,-113.40000000000055,310108.0,-0.0003868122800004814,10,1.1,0.0,0.0,0,1,163900.0
2017-09-19,514.0,310308.0,0.0006449366027319048,0,1.0,636.9439692558915,0.0,1,0,310308.0
2017-09-20,1178.3999999999996,310308.0,0.0,0,0.9,1599.1375069808485,0.0,1,0,310308.0
2017-09-21,1193.5999999999995,310308.0,0.0,0,0.9,2731.090221167568,0.0,1,0,310308.0
2017-09-22,1209.1999999999998,310308.0,0.0,0,0.9,3474.317413392872,0.0,1,0,310308.0
2017-09-25,520.0,310308.0,0.0,0,1.0,3896.8354392703286,0.0,1,0,310308.0
2017-09-26,-120.00000000000091,310308.0,0.0,0,1.1,3505.885395689931,0.0,1,0,310308.0
2017-09-27,-727.1999999999998,310308.0,0.0,0,1.2,2464.501394442189,450.5588558951157,1,0,310308.0
2017-09-28,-1330.1999999999998,310308.0,0.0,0,1.3,826.8022877001995,1343.8311777245538,1,0,310308.0
2017-09-29,-1308.4000000000005,310308.0,0.0,0,1.3,0.0,2435.301539441796,1,0,310308.0
2017-10-09,-1325.0,310308.0,0.0,0,1.3,0.0,3117.970041715767,1,0,310308.0
2017-10-10,-1307.8000000000002,310308.0,0.0,0,1.3,0.0,3496.27726810185,1,0,310308.0
2017-10-11,-1275.4000000000005,310308.0,0.0,0,1.3,0.0,3634.414230388338,1,0,310308.0
2017-10-12,-1247.6000000000004,310308.0,0.0,0,1.3,0.0,3620.1657023187163,1,0,310308.0
2017-10-13,-606.8000000000002,310618.0,0.000999007437771482,10,1.2,0.0,0.0,0,1,164846.0
2017-10-16,-604.8000000000002,310756.0,0.0004442756054059416,0,1.2,461.7492745525421,0.0,1,0,310756.0
2017-10-17,-587.5999999999995,310756.0,0.0,0,1.2,785.39333421521,0.0,1,0,310756.0
2017-10-18,21.599999999999454,310756.0,0.0,0,1.1,1006.7378287767153,0.0,1,0,310756.0
2017-10-19,14.599999999999454,310756.0,0.0,0,1.1,1581.2292774405462,0.0,1,0,310756.0
2017-10-20,602.0,310756.0,0.0,0,1.0,1946.8012348671741,0.0,1,0,310756.0
2017-10-23,640.0,310756.0,0.0,0,1.0,2592.1872326185867,0.0,1,0,310756.0
2017-10-24,650.0,310756.0,0.0,0,1.0,3031.7545152208886,0.0,1,0,310756.0
2017-10-25,1301.3999999999996,310756.0,0.0,0,0.9,3300.589401716122,0.0,1,0,310756.0
2017-10-26,1349.0,310756.0,0.0,0,0.9,3919.2649932782033,0.0,1,0,310756.0
2017-10-27,1985.5999999999995,310756.0,0.0,0,0.8,4346.953576279453,0.0,1,0,310756.0
2017-10-30,1982.3999999999996,310756.0,0.0,0,0.8,5072.852868576582,0.0,1,0,310756.0
2017-10-31,1955.5999999999995,310756.0,0.0,0,0.8,5534.40201631043,0.0,1,0,310756.0
2017-11-01,1966.3999999999996,310756.0,0.0,0,0.8,5782.066707710681,0.0,1,0,310756.0
2017-11-02,1970.8000000000002,310756.0,0.0,0,0.8,5890.812137403159,0.0,1,0,310756.0
2017-11-03,1951.5999999999995,310844.0,0.00028318037302588195,-10,0.8,0.0,0.0,0,1,193360.0
2017-11-06,1963.5999999999995,310776.0,-0.0002187592490123791,0,0.8,0.0,0.0,1,0,310776.0
2017-11-07,1968.7999999999993,310776.0,0.0,0,0.8,0.0,0.0,1,0,310776.0
2017-11-08,1355.8000000000002,310776.0,0.0,0,0.9,0.0,0.0,1,0,310776.0
2017-11-09,130.9999999999991,310776.0,0.0,0,1.1,0.0,405.52068103454104,1,0,310776.0
2017-11-10,-1099.4000000000005,310776.0,0.0,0,1.3,0.0,1543.5685061324723,1,0,310776.0
2017-11-13,-1729.6000000000004,310776.0,0.0,0,1.4,0.0,3215.4500524727373,1,0,310776.0
2017-11-14,-2897.6000000000004,310776.0,0.0,0,1.6,0.0,4812.604490559771,1,0,310776.0
2017-11-15,-4042.0,310776.0,0.0,0,1.8,0.0,6705.170283682084,1,0,310776.0
2017-11-16,-3489.6000000000004,310776.0,0.0,0,1.7,0.0,8746.598926065577,1,0,310776.0
2017-11-17,-2257.0,310776.0,0.0,0,1.5,0.0,9571.980525955389,1,0,310776.0
2017-11-20,-1609.6000000000004,310776.0,0.0,0,1.4,0.0,8912.093247261742,1,0,310776.0
2017-11-21,-259.1999999999998,310776.0,0.0,0,1.2,300.5279577179758,7539.021204979717,1,0,310776.0
2017-11-22,1539.8000000000002,310776.0,0.0,0,0.9,1729.6459757022467,4833.796365821129,1,0,310776.0
2017-11-23,3298.0,310776.0,0.0,0,0.6,4153.336411907779,459.2582305980894,1,0,310776.0
2017-11-24,3912.0,310776.0,0.0,0,0.5,7089.041869147184,0.0,1,0,310776.0
2017-11-27,4469.2,310776.0,0.0,0,0.4,9420.401977306294,0.0,1,0,310776.0
2017-11-28,4460.0,310776.0,0.0,0,0.4,11229.431117909546,0.0,1,0,310776.0
2017-11-29,5010.8,310776.0,0.0,0,0.3,12216.919400910872,0.0,1,0,310776.0
2017-11-30,5059.8,310776.0,0.0,0,0.3,13072.116135143466,0.0,1,0,310776.0
2017-12-01,4986.2,310776.0,0.0,0,0.3,13551.218579827435,0.0,1,0,310776.0
2017-12-04,4987.2,310706.0,-0.00022524261847767235,-10,0.3,0.0,0.0,0,1,224698.0
2017-12-05,4896.6,310724.0,5.7932579351493985e-05,0,0.3,73.07480537560457,0.0,1,0,310724.0
2017-12-06,4929.2,310724.0,0.0,0,0.3,1.130618569217802,0.0,1,0,310724.0
2017-12-07,4876.0,310724.0,0.0,0,0.3,0.0,0.0,1,0,310724.0
2017-12-08,4311.2,310724.0,0.0,0,0.4,0.0,54.837535384246166,1,0,310724.0
2017-12-11,4328.0,310724.0,0.0,0,0.4,0.0,481.6336402259587,1,0,310724.0
2017-12-12,4332.4,310724.0,0.0,0,0.4,0.0,761.2350144626182,1,0,310724.0
2017-12-13,4329.6,310724.0,0.0,0,0.4,0.0,933.7603531058138,1,0,310724.0
2017-12-14,4269.6,310724.0,0.0,0,0.4,0.0,1022.0300212094808,1,0,310724.0
2017-12-15,4291.2,310724.0,0.0,0,0.4,0.0,1090.546912500036,1,0,310724.0
2017-12-18,3745.0,310724.0,0.0,0,0.5,0.0,1082.967714319567,1,0,310724.0
2017-12-19,3703.0,310724.0,0.0,0,0.5,0.0,1460.079717547111,1,0,310724.0
2017-12-20,3707.0,310724.0,0.0,0,0.5,0.0,1756.1642728641634,1,0,310724.0
2017-12-21,3651.0,310724.0,0.0,0,0.5,0.0,1945.642300213282,1,0,310724.0
2017-12-22,3036.8,310724.0,0.0,0,0.6,0.0,2091.344561230137,1,0,310724.0
2017-12-25,2508.0000000000005,310724.0,0.0,0,0.7,0.0,2614.154207638186,1,0,310724.0
2017-12-26,1928.3999999999996,310724.0,0.0,0,0.8,0.0,3338.587304211624,1,0,310724.0
2017-12-27,1336.5999999999995,310724.0,0.0,0,0.9,0.0,4231.747835678165,1,0,310724.0
2017-12-28,1305.3999999999996,310724.0,0.0,0,0.9,0.0,5259.7402368663315,1,0,310724.0
2017-12-29,750.0,310724.0,0.0,0,1.0,0.0,5943.18776683329,1,0,310724.0
2018-01-02,179.9999999999991,310724.0,0.0,0,1.1,0.0,6746.07601945813,1,0,310724.0
2018-01-03,204.19999999999982,310724.0,0.0,0,1.1,0.0,7648.6356530752855,1,0,310724.0
2018-01-04,195.59999999999945,310724.0,0.0,0,1.1,0.0,8184.617847354821,1,0,310724.0
2018-01-05,804.0,310926.0,0.000650094617731467,10,1.0,0.0,0.0,0,1,180978.0
2018-01-08,824.0,310982.0,0.00018010716376237745,0,1.0,0.0,0.0,1,0,310982.0
2018-01-09,796.0,310982.0,0.0,0,1.0,0.1160940742263108,0.0,1,0,310982.0
2018-01-10,1367.8000000000002,310982.0,0.0,0,0.9,99.0196244104252,0.0,1,0,310982.0
2018-01-11,1362.5999999999995,310982.0,0.0,0,0.9,617.572609607096,0.0,1,0,310982.0
2018-01-12,1347.8000000000002,310982.0,0.0,0,0.9,948.711533209029,0.0,1,0,310982.0
2018-01-15,1326.0,310982.0,0.0,0,0.9,1122.4329719179998,0.0,1,0,310982.0
2018-01-16,1276.8000000000002,310982.0,0.0,0,0.9,1184.7718956515678,0.0,1,0,310982.0
2018-01-17,1314.8000000000002,310982.0,0.0,0,0.9,1146.3885281493347,0.0,1,0,310982.0
2018-01-18,744.0,310982.0,0.0,0,1.0,1102.6094093435088,0.0,1,0,310982.0
2018-01-19,140.19999999999982,310982.0,0.0,0,1.1,485.7361509389317,392.21245588113686,1,0,310982.0
2018-01-22,125.59999999999945,310982.0,0.0,0,1.1,0.0,1092.289906939396,1,0,310982.0
2018-01-23,-452.0,310982.0,0.0,0,1.2,0.0,1581.9829772085113,1,0,310982.0
2018-01-24,-438.0,310982.0,0.0,0,1.2,0.0,2316.8880384024087,1,0,310982.0
2018-01-25,-443.59999999999945,310982.0,0.0,0,1.2,0.0,2771.769963217777,1,0,310982.0
2018-01-26,-437.1999999999998,310982.0,0.0,0,1.2,0.0,3017.192825794824,1,0,310982.0
2018-01-29,116.59999999999945,310982.0,0.0,0,1.1,0.0,3113.8103457894504,1,0,310982.0
2018-01-30,692.0,310982.0,0.0,0,1.0,162.50153822214654,2646.4261697258835,1,0,310982.0
2018-01-31,700.0,310982.0,0.0,0,1.0,751.1255231369669,1612.0215832121323,1,0,310982.0
2018-02-01,728.0,310982.0,0.0,0,1.0,1218.0345266283293,604.0163009892092,1,0,310982.0
2018-02-02,1277.0,310982.0,0.0,0,0.9,1528.281991215096,0.0,1,0,310982.0
2018-02-05,744.0,310982.0,0.0,0,1.0,2103.792046417637,0.0,1,0,310982.0
2018-02-06,169.9999999999991,310982.0,0.0,0,1.1,2027.947389015108,0.0,1,0,310982.0
2018-02-07,134.79999999999927,310982.0,0.0,0,1.1,1369.1034158094076,266.1845982228725,1,0,310982.0
2018-02-08,-436.0,310982.0,0.0,0,1.2,674.4319686873763,572.1417225294138,1,0,310982.0
2018-02-09,-446.0,310982.0,0.0,0,1.2,0.0,1203.0616598632841,1,0,310982.0
2018-02-12,-1037.1999999999998,310982.0,0.0,0,1.3,0.0,1638.0896803675196,1,0,310982.0
2018-02-13,-1047.0,310982.0,0.0,0,1.3,0.0,2342.195862736651,1,0,310982.0
2018-02-14,-1084.1999999999998,310982.0,0.0,0,1.3,0.0,2783.8447662668164,1,0,310982.0
2018-02-22,-1683.1999999999998,310982.0,0.0,0,1.4,0.0,3060.673320581512,1,0,310982.0
2018-02-23,-1697.1999999999998,310982.0,0.0,0,1.4,0.0,3647.555039221486,1,0,310982.0
2018-02-26,-1141.1999999999998,310982.0,0.0,0,1.3,0.0,4028.095223839957,1,0,310982.0
2018-02-27,-561.1999999999998,310982.0,0.0,0,1.2,0.0,3792.3363637632297,1,0,310982.0
2018-02-28,14.399999999999636,310982.0,0.0,0,1.1,418.33898574234354,2975.5896352198592,1,0,310982.0
2018-03-01,592.0,310982.0,0.0,0,1.0,1158.6295014211669,1630.0515794701118,1,0,310982.0
2018-03-02,1171.3999999999996,310982.0,0.0,0,0.9,2114.8889196643886,0.0,1,0,310982.0
2018-03-05,1694.8000000000002,310982.0,0.0,0,0.8,3199.6626631467348,0.0,1,0,310982.0
2018-03-06,2281.6000000000004,310982.0,0.0,0,0.7,4268.53274476981,0.0,1,0,310982.0
2018-03-07,2842.4,310982.0,0.0,0,0.6,5356.457302354727,0.0,1,0,310982.0
2018-03-08,2868.8,310982.0,0.0,0,0.6,6439.553626651969,0.0,1,0,310982.0
2018-03-09,2834.0,310982.0,0.0,0,0.6,7117.763891096511,0.0,1,0,310982.0
2018-03-12,2862.8,310982.0,0.0,0,0.6,7455.075776246009,0.0,1,0,310982.0
2018-03-13,2370.4,310982.0,0.0,0,0.7,7609.3535996442115,0.0,1,0,310982.0
2018-03-14,2922.0,311160.0,0.000572380395006844,-10,0.6,0.0,0.0,0,1,207270.0
2018-03-15,2921.6,311136.0,-7.713073659854075e-05,0,0.6,77.17404616275746,0.0,1,0,311136.0
2018-03-16,2929.6,311136.0,0.0,0,0.6,98.63707039604199,0.0,1,0,311136.0
2018-03-19,3563.0,311136.0,0.0,0,0.5,112.81375982514759,0.0,1,0,311136.0
2018-03-20,4114.0,311136.0,0.0,0,0.4,587.1069560078973,0.0,1,0,311136.0
2018-03-21,4074.7999999999997,311136.0,0.0,0,0.4,1320.3667786205244,0.0,1,0,311136.0
2018-03-22,4286.799999999999,311136.0,0.0,0,0.4,1794.400226708506,0.0,1,0,311136.0
2018-03-23,4831.8,311136.0,0.0,0,0.3,2226.3811124748327,0.0,1,0,311136.0
2018-03-26,4763.2,311136.0,0.0,0,0.3,2883.800354293419,0.0,1,0,311136.0
2018-03-27,4161.6,311136.0,0.0,0,0.4,3233.212641209633,0.0,1,0,311136.0
2018-03-28,3572.0,311136.0,0.0,0,0.5,2921.1859738308576,0.0,1,0,311136.0
2018-03-29,3543.0,311136.0,0.0,0,0.5,2019.4676496067784,469.7673900616335,1,0,311136.0
2018-03-30,3554.0,311136.0,0.0,0,0.5,1131.091424655584,847.7340222532948,1,0,311136.0
2018-04-02,3606.0,311136.0,0.0,0,0.5,301.86682396623735,1114.0522787068066,1,0,311136.0
2018-04-03,3015.2000000000003,311136.0,0.0,0,0.6,0.0,1220.5532664525301,1,0,311136.0
2018-04-04,3001.6,311136.0,0.0,0,0.6,0.0,1671.260253283085,1,0,311136.0
2018-04-09,2420.8,311136.0,0.0,0,0.7,0.0,1964.884570873769,1,0,311136.0
2018-04-10,2447.0,311136.0,0.0,0,0.7,0.0,2563.9370376653274,1,0,311136.0
2018-04-11,2464.0,311136.0,0.0,0,0.7,0.0,2945.831580991072,1,0,311136.0
2018-04-12,2437.0000000000005,311136.0,0.0,0,0.7,0.0,3155.9896634579727,1,0,311136.0
2018-04-13,2441.2000000000003,311136.0,0.0,0,0.7,0.0,3261.5990468511222,1,0,311136.0
2018-04-16,1827.5999999999995,311136.0,0.0,0,0.8,0.0,3285.8779594610387,1,0,311136.0
2018-04-17,1820.0,311136.0,0.0,0,0.8,0.0,3722.7444241630965,1,0,311136.0
2018-04-18,1826.3999999999996,311148.0,3.856834310389523e-05,10,0.8,0.0,0.0,0,1,199828.0
2018-04-19,1874.0,311220.0,0.00023140113386554972,0,0.8,0.0,187.59434707096008,1,0,311220.0
2018-04-20,1900.0,311220.0,0.0,0,0.8,0.0,248.76706456688513,1,0,311220.0
2018-04-23,1896.8000000000002,311220.0,0.0,0,0.8,0.0,222.24374878799668,1,0,311220.0
2018-04-24,1876.3999999999996,311220.0,0.0,0,0.8,0.0,154.69196556414707,1,0,311220.0
2018-04-25,1897.1999999999998,311220.0,0.0,0,0.8,0.0,121.1456355651151,1,0,311220.0
2018-04-26,2456.8,311220.0,0.0,0,0.7,10.233527766565047,77.2077347602518,1,0,311220.0
2018-04-27,2428.2000000000003,311220.0,0.0,0,0.7,395.9148660341452,0.0,1,0,311220.0
2018-05-02,2433.4,311220.0,0.0,0,0.7,641.8276881220916,0.0,1,0,311220.0
2018-05-03,3041.2000000000003,311220.0,0.0,0,0.6,801.9831311393308,0.0,1,0,311220.0
2018-05-04,3026.4,311220.0,0.0,0,0.6,1337.955584884985,0.0,1,0,311220.0
2018-05-07,3040.4,311220.0,0.0,0,0.6,1678.717296880619,0.0,1,0,311220.0
2018-05-08,3635.0,311220.0,0.0,0,0.5,1883.5200803465914,0.0,1,0,311220.0
2018-05-09,4280.4,311220.0,0.0,0,0.4,2426.7319592201234,0.0,1,0,311220.0
2018-05-10,3695.0,311220.0,0.0,0,0.5,3252.6550405998028,0.0,1,0,311220.0
2018-05-11,2539.0000000000005,311220.0,0.0,0,0.7,3338.2290373042806,0.0,1,0,311220.0
2018-05-14,2568.0000000000005,311220.0,0.0,0,0.7,2265.042150214918,493.7845414820655,1,0,311220.0
2018-05-15,3150.4,311220.0,0.0,0,0.6,1257.1955615891338,859.7093814277077,1,0,311220.0
2018-05-16,3089.0,311220.0,0.0,0,0.6,816.8697898153487,663.7836096539222,1,0,311220.0
2018-05-17,3688.0,311220.0,0.0,0,0.5,309.5494833789023,537.5490175031907,1,0,311220.0
2018-05-18,4321.0,311220.0,0.0,0,0.4,391.0323023680817,0.0,1,0,311220.0
2018-05-21,4408.4,311220.0,0.0,0,0.4,1094.406304221866,0.0,1,0,311220.0
2018-05-22,4464.2,311220.0,0.0,0,0.4,1723.896875730742,0.0,1,0,311220.0
2018-05-23,3877.0,311220.0,0.0,0,0.5,2140.634216872725,0.0,1,0,311220.0
2018-05-24,3361.6,311220.0,0.0,0,0.6,1871.6621734755279,0.0,1,0,311220.0
2018-05-25,1569.3999999999996,311220.0,0.0,0,0.9,1076.5173966966454,255.7123660782596,1,0,311220.0
2018-05-28,-147.0,311220.0,0.0,0,1.2,0.0,1850.0193963765992,1,0,311220.0
2018-05-29,1088.0,311220.0,0.0,0,1.0,0.0,4238.331594830645,1,0,311220.0
2018-05-30,-1203.1999999999998,311220.0,0.0,0,1.4,0.0,4901.68694549156,1,0,311220.0
2018-05-31,-4149.6,311220.0,0.0,0,1.9,0.0,6898.943411856301,1,0,311220.0
2018-06-01,-7706.0,311220.0,0.0,0,2.5,0.0,10293.553181980313,1,0,311220.0
2018-06-04,-9549.2,311220.0,0.0,0,2.8,0.0,15083.87031941976,1,0,311220.0
2018-06-05,-10678.0,311220.0,0.0,0,3.0,0.0,19571.066188991976,1,0,311220.0
2018-06-06,-11216.400000000001,311220.0,0.0,0,3.1,0.0,23256.603598856706,1,0,311220.0
2018-06-07,-11833.400000000001,311220.0,0.0,0,3.2,0.0,25847.201124414387,1,0,311220.0
2018-06-08,-11630.8,311220.0,0.0,0,3.2,0.0,27635.712417946375,1,0,311220.0
2018-06-11,-9354.4,311220.0,0.0,0,2.8,0.0,28342.093448478056,1,0,311220.0
2018-06-12,-7545.0,312194.0,0.0031296189190925805,10,2.5,0.0,0.0,0,1,83416.0
2018-06-13,-4038.7999999999993,312552.0,0.0011467228710353439,0,1.9,1945.5817282137202,0.0,1,0,312552.0
2018-06-14,-665.8000000000002,312552.0,0.0,0,1.3,5963.822342319591,0.0,1,0,312552.0
2018-06-15,522.5999999999995,312552.0,0.0,0,1.1,11200.394136496405,0.0,1,0,312552.0
2018-06-19,1479.8000000000002,312552.0,0.0,0,0.9,15559.366267254407,0.0,1,0,312552.0
2018-06-20,991.0,312552.0,0.0,0,1.0,18922.391457194095,0.0,1,0,312552.0
2018-06-21,1014.0,312552.0,0.0,0,1.0,20381.607105196617,0.0,1,0,312552.0
2018-06-22,984.0,312552.0,0.0,0,1.0,20884.24589121933,0.0,1,0,312552.0
2018-06-25,972.0,312552.0,0.0,0,1.0,20865.83248410981,0.0,1,0,312552.0
2018-06-26,385.7999999999993,312992.0,0.0014077657477795658,-10,1.1,0.0,0.0,0,2,192472.0
2018-06-27,378.1999999999998,313012.0,6.389939678963508e-05,-10,1.1,0.0,341.3939675229142,1,2,192472.0
2018-06-28,367.59999999999945,313092.0,0.0002555812556706005,0,1.1,0.0,655.4004214578264,2,0,313092.0
2018-06-29,357.9999999999991,313092.0,0.0,0,1.1,0.0,851.329902417293,2,0,313092.0
2018-07-02,-218.19999999999982,313092.0,0.0,0,1.2,0.0,965.1810374210784,2,0,313092.0
2018-07-03,-230.19999999999982,313092.0,0.0,0,1.2,0.0,1437.4955496267467,2,0,313092.0
2018-07-04,-227.0,313092.0,0.0,0,1.2,0.0,1748.982518853926,2,0,313092.0
2018-07-05,-783.6000000000004,313092.0,0.0,0,1.3,0.0,1932.5313738357065,2,0,313092.0
2018-07-06,-824.1999999999998,313092.0,0.0,0,1.3,0.0,2446.0650895030353,2,0,313092.0
2018-07-09,-812.1999999999998,313092.0,0.0,0,1.3,0.0,2809.513143337798,2,0,313092.0
2018-07-10,-734.1999999999998,313092.0,0.0,0,1.3,0.0,3010.5405102315153,2,0,313092.0
2018-07-11,-754.0,313092.0,0.0,0,1.3,0.0,3046.4008829700497,2,0,313092.0
2018-07-12,-818.6000000000004,313092.0,0.0,0,1.3,0.0,3040.9565732711853,2,0,313092.0
2018-07-13,-861.0,312670.0,-0.001347846639326411,10,1.3,0.0,0.0,0,1,178124.0
2018-07-16,-658.8000000000002,314654.0,0.006345348130617046,0,1.3,0.0,40.857952582429,1,0,314654.0
2018-07-17,-138.59999999999945,314654.0,0.0,0,1.2,87.16649427259065,0.0,1,0,314654.0
2018-07-18,-145.0,314654.0,0.0,0,1.2,506.6567389577493,0.0,1,0,314654.0
2018-07-19,-154.80000000000018,314654.0,0.0,0,1.2,793.3915520598122,0.0,1,0,314654.0
2018-07-20,-145.59999999999945,314654.0,0.0,0,1.2,972.5481499190034,0.0,1,0,314654.0
2018-07-23,-127.80000000000018,314654.0,0.0,0,1.2,1072.3411676993865,0.0,1,0,314654.0
2018-07-24,-146.59999999999945,314654.0,0.0,0,1.2,1109.8220917945766,0.0,1,0,314654.0
2018-07-25,-147.59999999999945,314654.0,0.0,0,1.2,1082.4121988602628,0.0,1,0,314654.0
2018-07-26,397.1999999999998,314730.0,0.00024153514654190467,-10,1.1,0.0,0.0,0,10,183694.0
2018-07-27,370.9999999999991,315014.0,0.0009023607536617906,-10,1.1,361.905703756226,0.0,1,10,183694.0
2018-07-30,1294.3999999999996,317632.0,0.00831074174481139,-10,0.9,597.2824877371277,0.0,2,10,183694.0
2018-07-31,4174.0,317954.0,0.001013751763046633,-10,0.4,1409.4414638844846,0.0,3,10,183694.0
2018-08-01,4763.8,317822.0,-0.0004151543934027835,-10,0.3,3972.21755746323,0.0,4,10,183694.0
2018-08-02,4756.8,317982.0,0.0005034264462497884,-10,0.3,6170.631887930162,0.0,5,10,183694.0
2018-08-03,4780.0,317534.0,-0.0014088847796416282,-10,0.3,7580.809380045449,0.0,6,10,183694.0
2018-08-06,4779.8,317932.0,0.001253409083751711,-10,0.3,8360.21738026039,0.0,7,10,183694.0
2018-08-07,4855.6,317480.0,-0.0014216876564799863,-10,0.3,8632.73754814312,0.0,8,10,183694.0
2018-08-08,4880.6,317320.0,-0.0005039687539372117,-10,0.3,8636.63740249102,0.0,9,10,183694.0
2018-08-09,4294.4,317394.0,0.00023320307575946941,0,0.4,8683.120459638309,0.0,10,0,317394.0
2018-08-10,4301.6,317336.0,-0.00018273817400460413,-10,0.4,0.0,0.0,0,3,227092.0
2018-08-13,4249.2,317860.0,0.0016512466281795035,-10,0.4,0.0,235.52323803581157,1,3,227092.0
2018-08-14,4250.4,317848.0,-3.775246964077272e-05,-10,0.4,0.0,431.60788226843766,2,3,227092.0
2018-08-15,4277.2,317828.0,-6.292315823919203e-05,0,0.4,0.0,545.1294611387483,3,0,317828.0
2018-08-16,4251.4,317828.0,0.0,0,0.4,0.0,566.879610541333,3,0,317828.0
2018-08-17,4340.2,317828.0,0.0,0,0.4,0.0,557.5419170425168,3,0,317828.0
2018-08-20,3828.0,318556.0,0.0022905470883622936,10,0.5,0.0,0.0,0,1,227296.0
2018-08-21,3820.0,318628.0,0.00022601991486581596,0,0.5,0.0,299.26448247689905,1,0,318628.0
2018-08-22,3875.0,318628.0,0.0,0,0.5,0.0,513.6001960723042,1,0,318628.0
2018-08-23,3228.6,318628.0,0.0,0,0.6,0.0,611.8156764297996,1,0,318628.0
2018-08-24,3215.0,318628.0,0.0,0,0.6,0.0,1134.4942137123567,1,0,318628.0
2018-08-27,3745.0,318628.0,0.0,0,0.5,0.0,1492.6475984511637,1,0,318628.0
2018-08-28,3746.0,318628.0,0.0,0,0.5,0.0,1272.754118711138,1,0,318628.0
2018-08-29,3706.0,318628.0,0.0,0,0.5,0.0,1019.9352248751711,1,0,318628.0
2018-08-30,3740.0,318628.0,0.0,0,0.5,0.0,794.6917501043849,1,0,318628.0
2018-08-31,3728.0,318628.0,0.0,0,0.5,0.0,528.0792690119306,1,0,318628.0
2018-09-03,3752.0,318628.0,0.0,0,0.5,16.135411170382156,262.1003944680269,1,0,318628.0
2018-09-04,3760.0,318628.0,0.0,0,0.5,7.630642494378222,73.0241972205945,1,0,318628.0
2018-09-05,3185.4,318628.0,0.0,0,0.6,19.152956090873023,43.68936795994618,1,0,318628.0
2018-09-06,3203.6,318628.0,0.0,0,0.6,0.0,412.98855950897814,1,0,318628.0
2018-09-07,2017.3999999999996,318628.0,0.0,0,0.8,0.0,658.8165002045159,1,0,318628.0
2018-09-10,-336.1999999999998,318628.0,0.0,0,1.2,0.0,1662.9264556562398,1,0,318628.0
2018-09-11,-345.1999999999998,318628.0,0.0,0,1.2,0.0,4009.486030837229,1,0,318628.0
2018-09-12,-333.39999999999964,318628.0,0.0,0,1.2,0.0,5624.013253134175,1,0,318628.0
2018-09-13,300.1999999999998,318628.0,0.0,0,1.1,0.0,6610.74671131345,1,0,318628.0
2018-09-14,888.0,318628.0,0.0,0,1.0,0.0,6581.193832356959,1,0,318628.0
2018-09-17,2077.0,318628.0,0.0,0,0.8,0.0,5774.683749549748,1,0,318628.0
2018-09-18,2051.3999999999996,318628.0,0.0,0,0.8,927.1049069941984,3767.1600851153753,1,0,318628.0
2018-09-19,2014.5999999999995,318628.0,0.0,0,0.8,1820.0356004292225,1786.3764928361147,1,0,318628.0
2018-09-20,2013.0,318628.0,0.0,0,0.8,2330.2137155857695,168.09746513551988,1,0,318628.0
2018-09-21,1402.3999999999996,318628.0,0.0,0,0.9,2554.9760318081712,0.0,1,0,318628.0
2018-09-25,801.0,318628.0,0.0,0,1.0,2069.7830920118004,0.0,1,0,318628.0
2018-09-26,830.0,318628.0,0.0,0,1.0,978.396616984649,520.1563821157056,1,0,318628.0
2018-09-27,804.0,318628.0,0.0,0,1.0,0.0,996.802826384841,1,0,318628.0
2018-09-28,210.59999999999945,318628.0,0.0,0,1.1,0.0,1305.6489020011868,1,0,318628.0
2018-10-08,201.79999999999927,318628.0,0.0,0,1.1,0.0,1908.222096561763,1,0,318628.0
2018-10-09,244.59999999999945,318628.0,0.0,0,1.1,0.0,2279.805145347885,1,0,318628.0
2018-10-10,840.0,318628.0,0.0,0,1.0,0.0,2453.3867743266997,1,0,318628.0
2018-10-11,840.0,318628.0,0.0,0,1.0,117.71885534378893,2014.5342010990594,1,0,318628.0
2018-10-12,850.0,318628.0,0.0,0,1.0,227.29603249452268,1578.682806821221,1,0,318628.0
2018-10-15,859.0,318628.0,0.0,0,1.0,342.636127458084,1134.308616070496,1,0,318628.0
2018-10-16,874.0,318628.0,0.0,0,1.0,455.5714375318536,685.2439261442652,1,0,318628.0
2018-10-17,888.0,318628.0,0.0,0,1.0,503.0063655225223,330.22171127779063,1,0,318628.0
2018-10-18,910.0,318628.0,0.0,0,1.0,503.85530192618035,96.67064768144857,1,0,318628.0
2018-10-19,1465.3999999999996,318878.0,0.0007846140326650541,-10,0.9,0.0,0.0,0,1,193738.0
2018-10-22,1494.3999999999996,318808.0,-0.00021951969091627,0,0.9,397.0907460313994,0.0,1,0,318808.0
2018-10-23,2043.3999999999996,318808.0,0.0,0,0.8,695.1374110887646,0.0,1,0,318808.0
2018-10-24,2028.1999999999998,318808.0,0.0,0,0.8,1289.3424081561311,0.0,1,0,318808.0
2018-10-25,2003.0,318808.0,0.0,0,0.8,1673.1940141395633,0.0,1,0,318808.0
2018-10-26,2007.8000000000002,318808.0,0.0,0,0.8,1875.7774736243384,0.0,1,0,318808.0
2018-10-29,2020.0,318808.0,0.0,0,0.8,1958.8256099056766,0.0,1,0,318808.0
2018-10-30,2031.5999999999995,318808.0,0.0,0,0.8,1980.6767091232493,0.0,1,0,318808.0
2018-10-31,2023.3999999999996,318808.0,0.0,0,0.8,1965.3516097079298,0.0,1,0,318808.0
2018-11-01,2027.8000000000002,318790.0,-5.646031467210211e-05,-10,0.8,0.0,0.0,0,11,208148.0
2018-11-02,2049.5999999999995,318572.0,-0.000683835753944595,-10,0.8,2.0977632392551397,0.0,1,11,208148.0
2018-11-05,2038.5999999999995,318682.0,0.0003452908604648641,-10,0.8,20.626575836181367,0.0,2,11,208148.0
2018-11-06,2029.1999999999998,318776.0,0.0002949648866268362,-10,0.8,24.10596078496289,0.0,3,11,208148.0
2018-11-07,2045.5999999999995,318612.0,-0.0005144678394860547,-10,0.8,16.870292615469992,0.0,4,11,208148.0
2018-11-08,2054.3999999999996,318524.0,-0.0002761980088634708,-10,0.8,22.482658585136758,0.0,5,11,208148.0
2018-11-09,2029.3999999999996,318774.0,0.0007848702138615327,-10,0.8,32.541464923012086,0.0,6,11,208148.0
2018-11-12,2014.8000000000002,318920.0,0.0004580047306241841,-10,0.8,17.287205036917804,4.402882971049017,7,11,208148.0
2018-11-13,2022.1999999999998,318846.0,-0.00023203311175212793,-10,0.8,0.0,20.056597909725408,8,11,208148.0
2018-11-14,2001.1999999999998,319056.0,0.0006586251670084309,-10,0.8,0.0,24.476657010929813,9,11,208148.0
2018-11-15,2012.1999999999998,318946.0,-0.0003447670628353716,-10,0.8,0.0,42.409135716441966,10,11,208148.0
2018-11-16,1969.8000000000002,318904.0,-0.00013168373329652816,0,0.8,0.0,46.436721726636335,11,0,318904.0
2018-11-19,1961.1999999999998,318904.0,0.0,0,0.8,0.0,78.4990304453334,11,0,318904.0
2018-11-20,1473.1999999999998,318904.0,0.0,0,0.9,0.0,105.7280635481792,11,0,318904.0
2018-11-21,1460.5999999999995,318904.0,0.0,0,0.9,0.0,454.96785707539266,11,0,318904.0
2018-11-22,1517.1999999999998,318904.0,0.0,0,0.9,0.0,708.3765331736646,11,0,318904.0
2018-11-23,1567.8000000000002,318904.0,0.0,0,0.9,0.0,827.1156531963945,11,0,318904.0
2018-11-26,1540.8000000000002,318904.0,0.0,0,0.9,0.0,839.4643954693004,11,0,318904.0
2018-11-27,2065.8,318904.0,0.0,0,0.8,0.0,827.9918302436938,11,0,318904.0
2018-11-28,2077.5999999999995,318904.0,0.0,0,0.8,285.90660556494436,292.7555786657804,11,0,318904.0
2018-11-29,2071.0,318904.0,0.0,0,0.8,553.8338889109605,0.0,11,0,318904.0
2018-11-30,2079.3999999999996,318904.0,0.0,0,0.8,719.726397003551,0.0,11,0,318904.0
2018-12-03,2081.3999999999996,318904.0,0.0,0,0.8,811.2103854798614,0.0,11,0,318904.0
2018-12-04,2533.2000000000003,318904.0,0.0,0,0.7,839.2184491384573,0.0,11,0,318904.0
2018-12-05,2732.8,318904.0,0.0,0,0.7,1164.6817342734012,0.0,11,0,318904.0
2018-12-06,2797.0000000000005,318904.0,0.0,0,0.7,1523.855968105234,0.0,11,0,318904.0
2018-12-07,2312.8,318904.0,0.0,0,0.8,1814.0553234340355,0.0,11,0,318904.0
2018-12-10,2291.0,318904.0,0.0,0,0.8,1596.1015056052702,0.0,11,0,318904.0
2018-12-11,2335.2,318904.0,0.0,0,0.8,1337.417236888286,0.0,11,0,318904.0
2018-12-12,2917.2000000000003,318904.0,0.0,0,0.7,1103.060600791565,0.0,11,0,318904.0
2018-12-13,3456.4,318904.0,0.0,0,0.6,1331.5431634825873,0.0,11,0,318904.0
2018-12-14,3915.0,318904.0,0.0,0,0.5,1884.0778529581307,0.0,11,0,318904.0
2018-12-17,5021.4,318904.0,0.0,0,0.3,2623.8734390680224,0.0,11,0,318904.0
2018-12-18,5538.4,318904.0,0.0,0,0.2,3953.1788625720483,0.0,11,0,318904.0
2018-12-19,5564.0,318904.0,0.0,0,0.2,5217.71580991676,0.0,11,0,318904.0
2018-12-20,5459.0,318904.0,0.0,0,0.2,6028.6790860041265,0.0,11,0,318904.0
2018-12-21,4890.4,318904.0,0.0,0,0.3,6382.399694065192,0.0,11,0,318904.0
2018-12-24,4870.4,318904.0,0.0,0,0.3,6019.509860859459,0.0,11,0,318904.0
2018-12-25,4297.2,318904.0,0.0,0,0.4,5563.1689837424265,0.0,11,0,318904.0
2018-12-26,3755.0,318904.0,0.0,0,0.5,4537.598873921706,563.1156044649936,11,0,318904.0
2018-12-27,4819.6,318904.0,0.0,0,0.3,3038.246700216676,1375.0205736171079,11,0,318904.0
2018-12-28,5359.8,318904.0,0.0,0,0.2,2735.2690880838163,1048.7286757699617,11,0,318904.0
2019-01-02,4856.2,318904.0,0.0,0,0.3,3020.293169520701,171.69561434970473,11,0,318904.0
2019-01-03,4867.4,318904.0,0.0,0,0.3,2926.103738463278,0.0,11,0,318904.0
2019-01-04,5432.0,318904.0,0.0,0,0.2,2847.099591944818,0.0,11,0,318904.0
2019-01-07,5434.8,318904.0,0.0,0,0.2,3216.5797280457195,0.0,11,0,318904.0
2019-01-08,5437.4,318904.0,0.0,0,0.2,3423.905340889466,0.0,11,0,318904.0
2019-01-09,5415.4,318904.0,0.0,0,0.2,3536.223257799895,0.0,11,0,318904.0
2019-01-10,5965.4,318966.0,0.0001944158743696356,-10,0.1,0.0,0.0,0,1,242374.0
2019-01-11,6479.0,318956.0,-3.135130390075069e-05,0,0.0,429.71526121135093,0.0,1,0,318956.0
2019-01-14,6994.0,318956.0,0.0,0,-0.1,1078.2727330749788,0.0,1,0,318956.0
2019-01-15,7572.2,318956.0,0.0,0,-0.2,1875.1638094247694,0.0,1,0,318956.0
2019-01-16,7585.8,318956.0,0.0,0,-0.2,2832.398542025588,0.0,1,0,318956.0
2019-01-17,8107.2,318956.0,0.0,0,-0.3,3461.597054427699,0.0,1,0,318956.0
2019-01-18,8181.0,318956.0,0.0,0,-0.3,4209.954225775711,0.0,1,0,318956.0
2019-01-21,8298.4,318956.0,0.0,0,-0.3,4707.111711710654,0.0,1,0,318956.0
2019-01-22,8357.8,318956.0,0.0,0,-0.3,5067.12898519877,0.0,1,0,318956.0
2019-01-23,7211.4,318956.0,0.0,0,-0.1,5303.076055873855,0.0,1,0,318956.0
2019-01-24,6642.0,318956.0,0.0,0,-0.0,4391.6621613636835,469.7289626326857,1,0,318956.0
2019-01-25,6070.8,318956.0,0.0,0,0.1,2940.1743054022254,1272.4125352426554,1,0,318956.0
2019-01-28,5580.0,318956.0,0.0,0,0.2,999.6790782335509,2295.631593788265,1,0,318956.0
2019-01-29,5000.0,318956.0,0.0,0,0.3,0.0,3340.10937565974,1,0,318956.0
2019-01-30,4431.2,318956.0,0.0,0,0.4,0.0,4428.634986360044,1,0,318956.0
2019-01-31,3833.0,318956.0,0.0,0,0.5,0.0,5510.038491100723,1,0,318956.0
2019-02-01,3254.4,318956.0,0.0,0,0.6,0.0,6612.3957964147785,1,0,318956.0
2019-02-11,2644.8,318956.0,0.0,0,0.7,0.0,7721.865057158131,1,0,318956.0
2019-02-12,2678.4,318956.0,0.0,0,0.7,0.0,8857.954464285682,1,0,318956.0
2019-02-13,2108.3999999999996,318956.0,0.0,0,0.8,0.0,9526.809158245196,1,0,318956.0
2019-02-14,2129.3999999999996,318956.0,0.0,0,0.8,0.0,10315.934725689782,1,0,318956.0
2019-02-15,2116.0,318826.0,-0.0004075797288654037,10,0.8,0.0,0.0,0,1,206146.0
2019-02-18,2107.2,318810.0,-5.0184112964424266e-05,0,0.8,0.0,234.94652041289277,1,0,318810.0
2019-02-19,1573.3999999999996,318810.0,0.0,0,0.9,0.0,339.726510195291,1,0,318810.0
2019-02-20,999.0,318810.0,0.0,0,1.0,0.0,772.2836523286853,1,0,318810.0
2019-02-21,421.7999999999993,318810.0,0.0,0,1.1,0.0,1467.081386378085,1,0,318810.0
2019-02-22,393.59999999999945,318810.0,0.0,0,1.1,0.0,2339.990407005392,1,0,318810.0
2019-02-25,-200.39999999999964,318810.0,0.0,0,1.2,0.0,2944.9761388649476,1,0,318810.0
2019-02-26,-178.80000000000018,318810.0,0.0,0,1.2,0.0,3751.307825128782,1,0,318810.0
2019-02-27,-192.19999999999982,318810.0,0.0,0,1.2,0.0,4224.088148960352,1,0,318810.0
2019-02-28,-177.80000000000018,318810.0,0.0,0,1.2,0.0,4478.14503128542,1,0,318810.0
2019-03-01,-126.0,318810.0,0.0,0,1.2,0.0,4574.536755911412,1,0,318810.0
2019-03-04,-74.39999999999964,319376.0,0.0017753520905867681,10,1.2,0.0,0.0,0,1,181400.0
2019-03-05,-608.0,319436.0,0.0001878663393617419,0,1.3,0.0,0.0,1,0,319436.0
2019-03-06,-444.40000000000055,319436.0,0.0,0,1.3,0.0,297.64817756511377,1,0,319436.0
2019-03-07,-1528.0,319436.0,0.0,0,1.5,0.0,387.7641005489577,1,0,319436.0
2019-03-08,-2535.7999999999993,319436.0,0.0,0,1.7,0.0,1209.5830666540273,1,0,319436.0
2019-03-11,-3067.2000000000007,319436.0,0.0,0,1.8,0.0,2500.7309866223613,1,0,319436.0
2019-03-12,-3210.800000000001,319436.0,0.0,0,1.8,0.0,3767.467303658454,1,0,319436.0
2019-03-13,-983.5999999999995,319436.0,0.0,0,1.4,0.0,4685.905486705638,1,0,319436.0
2019-03-14,1244.0,319436.0,0.0,0,1.0,202.65237565362702,3319.243576644979,1,0,319436.0
2019-03-15,3531.8,319436.0,0.0,0,0.6,2150.1553152827364,0.0,1,0,319436.0
2019-03-18,5273.2,319436.0,0.0,0,0.3,5370.240983512419,0.0,1,0,319436.0
2019-03-19,6427.6,319436.0,0.0,0,0.1,8912.733573681604,0.0,1,0,319436.0
2019-03-20,7520.8,319436.0,0.0,0,-0.1,12069.25926075359,0.0,1,0,319436.0
2019-03-21,8080.0,319436.0,0.0,0,-0.2,14771.940124888002,0.0,1,0,319436.0
2019-03-22,8166.6,319436.0,0.0,0,-0.2,16728.694902999363,0.0,1,0,319436.0
2019-03-25,9240.0,319436.0,0.0,0,-0.4,17850.07607237053,0.0,1,0,319436.0
2019-03-26,9796.0,319436.0,0.0,0,-0.5,19218.180665826203,0.0,1,0,319436.0
2019-03-27,9914.0,319436.0,0.0,0,-0.5,20447.501798955258,0.0,1,0,319436.0
2019-03-28,10225.0,319436.0,0.0,0,-0.6,21274.84392792713,0.0,1,0,319436.0
2019-03-29,9632.0,319436.0,0.0,0,-0.5,21977.516531750112,0.0,1,0,319436.0
2019-04-01,9633.0,319436.0,0.0,0,-0.5,21889.66977201024,0.0,1,0,319436.0
2019-04-02,9129.4,319436.0,0.0,0,-0.4,21674.294448991262,0.0,1,0,319436.0
2019-04-03,9297.2,319436.0,0.0,0,-0.4,20961.48079150759,333.92919965918713,1,0,319436.0
2019-04-04,8748.4,319436.0,0.0,0,-0.3,20413.24493798198,513.1790604192936,1,0,319436.0
2019-04-08,8780.6,319436.0,0.0,0,-0.3,19402.48348293662,1028.1890339453626,1,0,319436.0
2019-04-09,8223.4,319436.0,0.0,0,-0.2,18570.49269446062,1333.741102612221,1,0,319436.0
2019-04-10,8217.0,319436.0,0.0,0,-0.2,17472.94637329706,1916.2519243058066,1,0,319436.0
2019-04-11,7652.8,319436.0,0.0,0,-0.1,16562.61671616767,2294.493695747844,1,0,319436.0
2019-04-12,7094.0,319436.0,0.0,0,-0.0,15348.094177529141,2931.1711571093124,1,0,319436.0
2019-04-15,7042.0,319436.0,0.0,0,0.0,13783.013736501598,3753.3478589389124,1,0,319436.0
2019-04-16,6479.0,319436.0,0.0,0,0.1,12499.161506208986,4316.409914360587,1,0,319436.0
2019-04-17,5936.4,319230.0,-0.0006448866126548269,-10,0.2,0.0,0.0,0,1,243622.0
2019-04-18,4796.4,319328.0,0.00030698869153900077,0,0.4,0.0,868.8703395425897,1,0,319328.0
2019-04-19,4787.0,319328.0,0.0,0,0.4,0.0,2250.5923449364914,1,0,319328.0
2019-04-22,4790.4,319328.0,0.0,0,0.4,0.0,3152.1248121659546,1,0,319328.0
2019-04-23,5330.8,319328.0,0.0,0,0.3,0.0,3678.4724348950513,1,0,319328.0
2019-04-24,5771.2,319328.0,0.0,0,0.2,0.0,3485.8254500613702,1,0,319328.0
2019-04-25,5752.8,319328.0,0.0,0,0.2,22.44646957189582,2791.9290624904083,1,0,319328.0
2019-04-26,4665.0,319328.0,0.0,0,0.4,207.04624006836622,2089.5002615583076,1,0,319328.0
2019-04-29,3598.2000000000003,319328.0,0.0,0,0.6,0.0,2310.652520308277,1,0,319328.0
2019-04-30,3060.2000000000003,319328.0,0.0,0,0.7,0.0,3291.214742882824,1,0,319328.0
2019-05-06,2541.2,319328.0,0.0,0,0.8,0.0,4417.786776772661,1,0,319328.0
2019-05-07,2556.2,319328.0,0.0,0,0.8,0.0,5602.406549935845,1,0,319328.0
2019-05-08,2032.5999999999995,319328.0,0.0,0,0.9,0.0,6333.912983012795,1,0,319328.0
2019-05-09,2124.3999999999996,319328.0,0.0,0,0.9,0.0,7095.188348148895,1,0,319328.0
2019-05-10,2159.0,319328.0,0.0,0,0.9,0.0,7444.1845605971685,1,0,319328.0
2019-05-13,2164.0,319340.0,3.757891572298e-05,10,0.9,0.0,0.0,0,1,200896.0
2019-05-14,2701.8,319462.0,0.00038203795327862444,0,0.8,0.0,30.094937125431215,1,0,319462.0
2019-05-15,2692.0,319462.0,0.0,0,0.8,243.69422654087927,0.0,1,0,319462.0
2019-05-16,2686.8,319462.0,0.0,0,0.8,443.3641831603272,0.0,1,0,319462.0
2019-05-17,2660.0,319462.0,0.0,0,0.8,609.5620083263371,0.0,1,0,319462.0
2019-05-20,2672.8,319462.0,0.0,0,0.8,670.602436430138,0.0,1,0,319462.0
2019-05-21,2682.8,319462.0,0.0,0,0.8,682.297005741294,0.0,1,0,319462.0
2019-05-22,2712.3999999999996,319462.0,0.0,0,0.8,658.2423536037661,0.0,1,0,319462.0
2019-05-23,2702.0,319512.0,0.0001565131377128104,-10,0.8,0.0,0.0,0,3,205992.0
2019-05-24,3265.8,319230.0,-0.0008825959588372179,-10,0.7,6.26435848208075,0.0,1,3,205992.0
2019-05-27,3317.2000000000003,318744.0,-0.0015224133070199652,-10,0.7,393.2303625656517,0.0,2,3,205992.0
2019-05-28,3822.0,318712.0,-0.00010039404663308993,0,0.6,703.2621136052219,0.0,3,0,318712.0
2019-05-29,3813.8,318712.0,0.0,0,0.6,1274.6363245945977,0.0,3,0,318712.0
2019-05-30,3800.4,318712.0,0.0,0,0.6,1647.623356836481,0.0,3,0,318712.0
2019-05-31,3225.6000000000004,318712.0,0.0,0,0.7,1852.431459697183,0.0,3,0,318712.0
2019-06-03,3268.0000000000005,318712.0,0.0,0,0.7,1447.9905815117452,0.0,3,0,318712.0
2019-06-04,2730.8,318712.0,0.0,0,0.8,1068.423083361777,88.08964470717413,3,0,318712.0
2019-06-05,2695.8,318712.0,0.0,0,0.8,168.92043167891893,577.786993024316,3,0,318712.0
2019-06-06,2193.0,318712.0,0.0,0,0.9,0.0,970.868324787327,3,0,318712.0
2019-06-10,1622.0,318712.0,0.0,0,1.0,0.0,1581.3455685269653,3,0,318712.0
2019-06-11,1077.3999999999996,318712.0,0.0,0,1.1,0.0,2386.5898460670737,3,0,318712.0
2019-06-12,570.4000000000005,318712.0,0.0,0,1.2,0.0,3301.2466988801234,3,0,318712.0
2019-06-13,7.0,318712.0,0.0,0,1.3,0.0,4266.096546748135,3,0,318712.0
2019-06-14,523.1999999999998,318712.0,0.0,0,1.2,0.0,5287.785426454973,3,0,318712.0
2019-06-17,1026.5999999999995,318712.0,0.0,0,1.1,0.0,5519.25711359618,3,0,318712.0
2019-06-18,2131.5999999999995,318712.0,0.0,0,0.9,0.0,5129.469873381443,3,0,318712.0
2019-06-19,2588.2,318712.0,0.0,0,0.8,779.8125086799673,3634.139524918554,3,0,318712.0
2019-06-20,3101.6000000000004,318712.0,0.0,0,0.7,1775.6354636016056,1717.676765554478,3,0,318712.0
2019-06-21,3629.2000000000003,318712.0,0.0,0,0.6,2865.2363235409257,0.0,3,0,318712.0
2019-06-24,3651.4,318712.0,0.0,0,0.6,3953.3851586936116,0.0,3,0,318712.0
2019-06-25,3120.6000000000004,318712.0,0.0,0,0.7,4610.797286951776,0.0,3,0,318712.0
2019-06-26,2583.3999999999996,318712.0,0.0,0,0.8,4514.910976662932,0.0,3,0,318712.0
2019-06-27,2051.0,318712.0,0.0,0,0.9,3841.9361985425176,104.79665045101456,3,0,318712.0
2019-06-28,1518.0,318712.0,0.0,0,1.0,2637.9111127943174,720.3144218456721,3,0,318712.0
2019-07-01,1409.0,318712.0,0.0,0,1.0,947.130213299539,1609.3049509223229,3,0,318712.0
2019-07-02,1406.0,318712.0,0.0,0,1.0,0.0,2295.6399673606415,3,0,318712.0
2019-07-03,1442.0,318712.0,0.0,0,1.0,0.0,2689.60738823592,3,0,318712.0
2019-07-04,946.1999999999998,318712.0,0.0,0,1.1,0.0,2838.110622034587,3,0,318712.0
2019-07-05,903.9999999999991,318712.0,0.0,0,1.1,0.0,3247.9721692811518,3,0,318712.0
2019-07-08,339.8000000000002,318712.0,0.0,0,1.2,0.0,3533.7846207432,3,0,318712.0
2019-07-09,-737.1999999999998,318712.0,0.0,0,1.4,0.0,4116.711247290779,3,0,318712.0
2019-07-10,-1871.2000000000007,318712.0,0.0,0,1.6,0.0,5274.021587986988,3,0,318712.0
2019-07-11,-2943.0,318712.0,0.0,0,1.8,0.0,6877.024565483773,3,0,318712.0
2019-07-12,-2905.0,318712.0,0.0,0,1.8,0.0,8727.10754884534,3,0,318712.0
2019-07-15,-3445.199999999999,318712.0,0.0,0,1.9,0.0,9886.3337111726,3,0,318712.0
2019-07-16,-2865.0,318712.0,0.0,0,1.8,0.0,10949.721467255362,3,0,318712.0
2019-07-17,-3911.0,318712.0,0.0,0,2.0,0.0,11058.37853263226,3,0,318712.0
2019-07-18,-3331.0,318712.0,0.0,0,1.9,0.0,11773.475410530102,3,0,318712.0
2019-07-19,-3334.7999999999993,318624.0,-0.00027611134817639993,10,1.9,0.0,0.0,0,1,146012.0
2019-07-22,-2846.6000000000004,318734.0,0.00034523450838608305,0,1.8,0.0,0.0,1,0,318734.0
2019-07-23,-2319.3999999999996,318734.0,0.0,0,1.7,192.01781532578337,0.0,1,0,318734.0
2019-07-24,-1823.2000000000007,318734.0,0.0,0,1.6,765.1423579078908,0.0,1,0,318734.0
2019-07-25,-1904.6000000000004,318734.0,0.0,0,1.6,1513.336388635788,0.0,1,0,318734.0
2019-07-26,284.0,318734.0,0.0,0,1.2,1992.919561980122,0.0,1,0,318734.0
2019-07-29,1972.3999999999996,318734.0,0.0,0,0.9,3833.4297264859742,0.0,1,0,318734.0
2019-07-30,3063.6000000000004,318734.0,0.0,0,0.7,6287.919337506981,0.0,1,0,318734.0
2019-07-31,4156.0,318734.0,0.0,0,0.5,8707.968178095027,0.0,1,0,318734.0
2019-08-01,4231.0,318734.0,0.0,0,0.5,11062.641572065602,0.0,1,0,318734.0
2019-08-02,4136.0,318734.0,0.0,0,0.5,12556.941976306378,0.0,1,0,318734.0
2019-08-05,4721.0,318734.0,0.0,0,0.4,13243.88602131438,0.0,1,0,318734.0
2019-08-06,4741.4,318734.0,0.0,0,0.4,13945.864001721544,0.0,1,0,318734.0
2019-08-07,4737.799999999999,318840.0,0.0003325657131023618,-10,0.4,0.0,0.0,0,1,224258.0
2019-08-08,4769.6,318886.0,0.00014427298958730184,0,0.4,184.5769546512812,0.0,1,0,318886.0
2019-08-09,4787.0,318886.0,0.0,0,0.4,302.51663291719296,0.0,1,0,318886.0
2019-08-12,4205.0,318886.0,0.0,0,0.5,360.7622639275708,0.0,1,0,318886.0
2019-08-13,4276.0,318886.0,0.0,0,0.5,0.0,237.92400202139277,1,0,318886.0
2019-08-14,4229.0,318886.0,0.0,0,0.5,0.0,441.79946258786174,1,0,318886.0
2019-08-15,4241.0,318886.0,0.0,0,0.5,0.0,607.6926626654188,1,0,318886.0
2019-08-16,4234.0,318886.0,0.0,0,0.5,0.0,688.8903271868667,1,0,318886.0
2019-08-19,4254.0,318886.0,0.0,0,0.5,0.0,714.0451214574562,1,0,318886.0
2019-08-20,4283.0,318886.0,0.0,0,0.5,0.0,674.0627511568455,1,0,318886.0
2019-08-21,4282.0,318866.0,-6.271833821491768e-05,10,0.5,0.0,0.0,0,1,214246.0
2019-08-22,3742.6000000000004,318946.0,0.000250889088206252,0,0.6,13.38104996137775,0.0,1,0,318946.0
2019-08-23,3734.4,318946.0,0.0,0,0.6,0.0,340.98004320099693,1,0,318946.0
2019-08-26,3788.8,318946.0,0.0,0,0.6,0.0,589.4364816616064,1,0,318946.0
2019-08-27,3748.2000000000003,318946.0,0.0,0,0.6,0.0,709.8938698519038,1,0,318946.0
2019-08-28,3821.6,318946.0,0.0,0,0.6,0.0,798.6498536399588,1,0,318946.0
2019-08-29,3784.0,318946.0,0.0,0,0.6,0.0,764.7786428862447,1,0,318946.0
2019-08-30,3216.8,318946.0,0.0,0,0.7,0.0,725.872285092243,1,0,318946.0
2019-09-02,3213.0,318946.0,0.0,0,0.7,0.0,1094.3232397791114,1,0,318946.0
2019-09-03,3181.6000000000004,318946.0,0.0,0,0.7,0.0,1359.1006300144504,1,0,318946.0
2019-09-04,3159.0,318946.0,0.0,0,0.7,0.0,1557.8183362863106,1,0,318946.0
2019-09-05,3154.8,318946.0,0.0,0,0.7,0.0,1686.2640300013918,1,0,318946.0
2019-09-06,2509.2,318946.0,0.0,0,0.8,0.0,1741.722973984414,1,0,318946.0
2019-09-09,2507.5999999999995,318946.0,0.0,0,0.8,0.0,2221.956258557697,1,0,318946.0
2019-09-10,2525.2,318946.0,0.0,0,0.8,0.0,2540.5592570723597,1,0,318946.0
2019-09-11,2498.2,318946.0,0.0,0,0.8,0.0,2730.77969446937,1,0,318946.0
2019-09-12,2492.8,318946.0,0.0,0,0.8,0.0,2848.2070653288565,1,0,318946.0
2019-09-16,1858.3999999999996,318946.0,0.0,0,0.9,0.0,2889.0682546995713,1,0,318946.0
2019-09-17,1769.8000000000002,318946.0,0.0,0,0.9,0.0,3350.080603753611,1,0,318946.0
2019-09-18,2432.5999999999995,318946.0,0.0,0,0.8,0.0,3719.5119006782365,1,0,318946.0
2019-09-19,3087.8,318946.0,0.0,0,0.7,0.0,3418.3864967256236,1,0,318946.0
2019-09-20,4299.0,318946.0,0.0,0,0.5,483.8867272517549,2488.044652548806,1,0,318946.0
2019-09-23,5560.6,318946.0,0.0,0,0.3,1720.3591932785334,394.68854714701223,1,0,318946.0
2019-09-24,5442.2,318946.0,0.0,0,0.3,3513.8135979724784,0.0,1,0,318946.0
2019-09-25,4829.4,318946.0,0.0,0,0.4,4655.480462682184,0.0,1,0,318946.0
2019-09-26,3640.4,318946.0,0.0,0,0.6,4817.328279830193,0.0,1,0,318946.0
2019-09-27,3006.0,318946.0,0.0,0,0.7,3679.004232176846,0.0,1,0,318946.0
2019-09-30,2425.8,318946.0,0.0,0,0.8,1888.3820139064098,730.3492103009928,1,0,318946.0
2019-10-08,1815.8000000000002,318946.0,0.0,0,0.9,0.0,1875.0314997010846,1,0,318946.0
2019-10-09,1262.0,318946.0,0.0,0,1.0,0.0,3130.9859030922644,1,0,318946.0
2019-10-10,1302.0,318946.0,0.0,0,1.0,0.0,4303.274776296316,1,0,318946.0
2019-10-11,1275.0,318946.0,0.0,0,1.0,0.0,4956.622499742431,1,0,318946.0
2019-10-14,695.5999999999995,318946.0,0.0,0,1.1,0.0,5311.131304651304,1,0,318946.0
2019-10-15,652.3999999999996,318946.0,0.0,0,1.1,0.0,5901.654182754945,1,0,318946.0
2019-10-16,609.9999999999991,318946.0,0.0,0,1.1,0.0,6286.304049150535,1,0,318946.0
2019-10-17,575.7999999999993,318638.0,-0.0009656807108413545,10,1.1,0.0,0.0,0,1,181012.0
2019-10-18,548.5999999999995,318568.0,-0.00021968503442781895,0,1.1,0.0,160.81773201311188,1,0,318568.0
2019-10-21,535.5999999999995,318568.0,0.0,0,1.1,0.0,254.95040854744875,1,0,318568.0
2019-10-22,1142.0,318568.0,0.0,0,1.0,0.0,288.2257759831259,1,0,318568.0
2019-10-23,1134.0,318568.0,0.0,0,1.0,356.2636770073789,0.0,1,0,318568.0
2019-10-24,1722.5999999999995,318568.0,0.0,0,0.9,611.2013068756585,0.0,1,0,318568.0
2019-10-25,2328.2,318568.0,0.0,0,0.8,1211.412894113334,0.0,1,0,318568.0
2019-10-28,2949.8,318568.0,0.0,0,0.7,2058.0139591727957,0.0,1,0,318568.0
2019-10-29,3594.8,318568.0,0.0,0,0.6,3074.380099437625,0.0,1,0,318568.0
2019-10-30,3646.4,318568.0,0.0,0,0.6,4205.771646898445,0.0,1,0,318568.0
2019-10-31,3655.0,318568.0,0.0,0,0.6,4955.46834488975,0.0,1,0,318568.0
2019-11-01,3707.2000000000003,318568.0,0.0,0,0.6,5382.9349557636415,0.0,1,0,318568.0
2019-11-04,3697.4,318568.0,0.0,0,0.6,5609.395700245914,0.0,1,0,318568.0
2019-11-05,3098.4000000000005,318568.0,0.0,0,0.7,5672.959819727347,0.0,1,0,318568.0
2019-11-06,2999.0,319558.0,0.003107656764018918,-10,0.7,0.0,0.0,0,1,198688.0
2019-11-07,2985.6000000000004,319482.0,-0.0002378285006164882,0,0.7,0.0,335.46780863906355,1,0,319482.0
2019-11-08,2984.4000000000005,319482.0,0.0,0,0.7,0.0,573.6502862228594,1,0,319482.0
2019-11-11,3009.2000000000007,319482.0,0.0,0,0.7,0.0,712.904564560726,1,0,319482.0
2019-11-12,3007.2000000000007,319482.0,0.0,0,0.7,0.0,746.572083988667,1,0,319482.0
2019-11-13,3025.2000000000007,319482.0,0.0,0,0.7,0.0,720.3556608252686,1,0,319482.0
2019-11-14,3038.4000000000005,319654.0,0.000538371488847611,10,0.7,0.0,0.0,0,1,200174.0
2019-11-15,3092.2000000000007,319690.0,0.00011262177229132142,0,0.7,21.49461425957243,0.0,1,0,319690.0
2019-11-18,3138.2000000000007,319690.0,0.0,0,0.7,74.77371169868667,0.0,1,0,319690.0
2019-11-19,3133.4000000000005,319690.0,0.0,0,0.7,143.72225239398793,0.0,1,0,319690.0
2019-11-20,3124.0,319690.0,0.0,0,0.7,185.21435875029644,0.0,1,0,319690.0
2019-11-21,2474.5999999999995,319690.0,0.0,0,0.8,201.7581358218722,0.0,1,0,319690.0
2019-11-22,2493.2,319690.0,0.0,0,0.8,0.0,410.2954760762098,1,0,319690.0
2019-11-25,2454.3999999999996,319690.0,0.0,0,0.8,0.0,692.2536206801618,1,0,319690.0
2019-11-26,1891.3999999999996,319690.0,0.0,0,0.9,0.0,908.7402494517281,1,0,319690.0
2019-11-27,1968.1999999999998,319690.0,0.0,0,0.9,0.0,1451.8469792315173,1,0,319690.0
2019-11-28,1991.3999999999996,319690.0,0.0,0,0.9,0.0,1743.7603876085395,1,0,319690.0
2019-11-29,2006.3999999999996,319690.0,0.0,0,0.9,0.0,1877.8029709365599,1,0,319690.0
2019-12-02,2015.3999999999996,319690.0,0.0,0,0.9,0.0,1916.668126866654,1,0,319690.0
2019-12-03,2616.2,319690.0,0.0,0,0.8,0.0,1894.8538073077939,1,0,319690.0
2019-12-04,3230.0,319690.0,0.0,0,0.7,341.1616065773585,1273.1582710280093,1,0,319690.0
2019-12-05,4445.0,319690.0,0.0,0,0.5,1076.9587209684678,40.09824256197541,1,0,319690.0
2019-12-06,5653.8,319690.0,0.0,0,0.3,2443.251684708951,0.0,1,0,319690.0
2019-12-09,6299.4,319690.0,0.0,0,0.2,4247.960766245998,0.0,1,0,319690.0
2019-12-10,6725.2,319690.0,0.0,0,0.1,5923.9417492524335,0.0,1,0,319690.0
2019-12-11,7978.4,319690.0,0.0,0,-0.1,7291.303288769332,0.0,1,0,319690.0
2019-12-12,8658.2,319690.0,0.0,0,-0.2,9022.216802615128,0.0,1,0,319690.0
2019-12-13,9376.2,319690.0,0.0,0,-0.3,10588.847575934977,0.0,1,0,319690.0
2019-12-16,9947.2,319690.0,0.0,0,-0.4,12073.399584860379,0.0,1,0,319690.0
2019-12-17,10707.0,319690.0,0.0,0,-0.5,13401.783083303086,0.0,1,0,319690.0
2019-12-18,10716.0,319690.0,0.0,0,-0.5,14764.472037565714,0.0,1,0,319690.0
2019-12-19,10191.2,319690.0,0.0,0,-0.4,15584.566395120746,0.0,1,0,319690.0
2019-12-20,10205.8,319690.0,0.0,0,-0.4,15602.388310471215,0.0,1,0,319690.0
2019-12-23,9535.4,319690.0,0.0,0,-0.3,15466.951768322182,0.0,1,0,319690.0
2019-12-24,8892.2,319690.0,0.0,0,-0.2,14644.503667556326,300.6947563770032,1,0,319690.0
2019-12-25,8879.6,319690.0,0.0,0,-0.2,13184.07663847249,1111.524870150311,1,0,319690.0
2019-12-26,8971.2,319690.0,0.0,0,-0.2,11796.733247365773,1715.6100504721658,1,0,319690.0
2019-12-27,8424.8,319690.0,0.0,0,-0.1,10765.520771288486,1996.683288680592,1,0,319690.0
2019-12-30,7718.0,319690.0,0.0,0,0.0,9543.446550093471,2525.066210342725,1,0,319690.0
2019-12-31,7039.2,319690.0,0.0,0,0.1,7920.9230514467345,3359.9712831245606,1,0,319690.0
2020-01-02,6360.0,319690.0,0.0,0,0.2,6040.3935438540175,4389.727489817556,1,0,319690.0
2020-01-03,6376.6,319690.0,0.0,0,0.2,3844.329112261085,5555.091629653194,1,0,319690.0
2020-01-06,6374.8,319690.0,0.0,0,0.2,1980.0376194177322,6300.285851095556,1,0,319690.0
2020-01-07,5710.200000000001,319690.0,0.0,0,0.3,495.5521889748328,6713.228992081227,1,0,319690.0
2020-01-08,5667.6,319690.0,0.0,0,0.3,0.0,7392.623999767246,1,0,319690.0
2020-01-09,5749.200000000001,319690.0,0.0,0,0.3,0.0,7827.533203961554,1,0,319690.0
2020-01-10,5065.799999999999,319818.0,0.000400387875754582,10,0.4,0.0,0.0,0,1,220678.0
2020-01-13,5145.2,319752.0,-0.00020636737144252848,0,0.4,0.0,587.0733226584878,1,0,319752.0
2020-01-14,4438.0,319752.0,0.0,0,0.5,0.0,908.9941674585509,1,0,319752.0
2020-01-15,4418.0,319752.0,0.0,0,0.5,0.0,1609.8953650957496,1,0,319752.0
2020-01-16,3792.4,319752.0,0.0,0,0.6,0.0,2074.6812228650533,1,0,319752.0
2020-01-17,3139.8,319752.0,0.0,0,0.7,0.0,2821.20190187114,1,0,319752.0
2020-01-20,3114.8,319752.0,0.0,0,0.7,0.0,3776.7404594878494,1,0,319752.0
2020-01-21,2453.3999999999996,319752.0,0.0,0,0.8,0.0,4402.588176418836,1,0,319752.0
2020-01-22,2409.0,319752.0,0.0,0,0.8,0.0,5264.497585556824,1,0,319752.0
2020-01-23,2435.0,319752.0,0.0,0,0.8,0.0,5827.532350305016,1,0,319752.0
2020-02-03,2880.0,319752.0,0.0,0,0.7,0.0,6116.544800667555,1,0,319752.0
2020-02-04,2424.0,319752.0,0.0,0,0.8,0.0,5871.091284427678,1,0,319752.0
2020-02-05,3065.4000000000005,320098.0,0.001082088618679533,10,0.7,0.0,0.0,0,1,198802.0
2020-02-06,3238.0,320292.0,0.0006060643927796594,0,0.7,220.57026102153418,0.0,1,0,320292.0
2020-02-07,3987.4,320292.0,0.0,0,0.6,581.4320710080018,0.0,1,0,320292.0
2020-02-10,3999.6000000000004,320292.0,0.0,0,0.6,1359.9266849403023,0.0,1,0,320292.0
2020-02-11,4674.0,320292.0,0.0,0,0.5,1886.56692005072,0.0,1,0,320292.0
2020-02-12,5186.4,320292.0,0.0,0,0.4,2703.275176580726,0.0,1,0,320292.0
2020-02-13,5240.4,320292.0,0.0,0,0.4,3614.139395547137,0.0,1,0,320292.0
2020-02-14,5242.4,320292.0,0.0,0,0.4,4219.037540350486,0.0,1,0,320292.0
2020-02-17,5956.4,320292.0,0.0,0,0.3,4558.7406285808565,0.0,1,0,320292.0
2020-02-18,5988.8,320292.0,0.0,0,0.3,5256.169134316938,0.0,1,0,320292.0
2020-02-19,5887.6,320292.0,0.0,0,0.3,5712.531822882011,0.0,1,0,320292.0
2020-02-20,6320.0,320292.0,0.0,0,0.2,5896.681470775338,0.0,1,0,320292.0
2020-02-21,6330.6,320210.0,-0.0002560163850486852,-10,0.2,0.0,0.0,0,1,233356.0
2020-02-24,5747.2,320190.0,-6.245901127388542e-05,0,0.3,252.39590444366746,0.0,1,0,320190.0
2020-02-25,5765.2,320190.0,0.0,0,0.3,0.0,0.0,1,0,320190.0
2020-02-26,5762.6,320190.0,0.0,0,0.3,0.0,114.23596372245531,1,0,320190.0
2020-02-27,5801.2,320190.0,0.0,0,0.3,0.0,195.18163839198073,1,0,320190.0
2020-02-28,5645.2,320190.0,0.0,0,0.3,0.0,206.92241846791472,1,0,320190.0
2020-03-02,5700.6,320190.0,0.0,0,0.3,0.0,328.22619303073975,1,0,320190.0
2020-03-03,5635.2,320190.0,0.0,0,0.3,0.0,334.4167441435575,1,0,320190.0
2020-03-04,5620.2,320190.0,0.0,0,0.3,0.0,389.8467123284324,1,0,320190.0
2020-03-05,5613.2,320190.0,0.0,0,0.3,0.0,437.53102608084515,1,0,320190.0
2020-03-06,5637.6,320190.0,0.0,0,0.3,0.0,469.76832076130876,1,0,320190.0
2020-03-09,5387.2,320190.0,0.0,0,0.3,0.0,463.65807206998664,1,0,320190.0
2020-03-10,4911.4,320190.0,0.0,0,0.4,0.0,631.865609156384,1,0,320190.0
2020-03-11,4971.2,320190.0,0.0,0,0.4,0.0,1082.20990094544,1,0,320190.0
2020-03-12,4292.0,320190.0,0.0,0,0.5,0.0,1345.7691912353466,1,0,320190.0
2020-03-13,3707.0,320190.0,0.0,0,0.6,0.0,2005.6547877920348,1,0,320190.0
2020-03-16,3167.2000000000003,320190.0,0.0,0,0.7,0.0,2871.714487889633,1,0,320190.0
2020-03-17,2624.8,320190.0,0.0,0,0.8,0.0,3835.80950501294,1,0,320190.0
2020-03-18,1963.3999999999996,320190.0,0.0,0,0.9,0.0,4850.477723343948,1,0,320190.0
2020-03-19,1307.0,320190.0,0.0,0,1.0,0.0,5976.510455844722,1,0,320190.0
2020-03-20,740.7999999999993,320190.0,0.0,0,1.1,0.0,7171.142314546312,1,0,320190.0
2020-03-23,719.3999999999996,320190.0,0.0,0,1.1,0.0,8330.54631670442,1,0,320190.0
2020-03-24,177.80000000000018,320190.0,0.0,0,1.2,0.0,9053.531259308353,1,0,320190.0
2020-03-25,76.0,320190.0,0.0,0,1.2,0.0,9855.690375209671,1,0,320190.0
2020-03-26,-451.8000000000002,320190.0,0.0,0,1.3,0.0,10397.452869206076,1,0,320190.0
2020-03-27,-314.0,321674.0,0.004634748118304666,10,1.3,0.0,0.0,0,1,180826.0
2020-03-30,-263.40000000000055,321594.0,-0.0002486989933908612,0,1.3,0.0,320.72749045367334,1,0,321594.0
2020-03-31,-335.40000000000055,321594.0,0.0,0,1.3,0.0,439.67388872752986,1,0,321594.0
2020-04-01,27.800000000000182,321594.0,0.0,0,1.2,0.0,513.2437313800064,1,0,321594.0
2020-04-02,-28.199999999999818,321594.0,0.0,0,1.2,60.85936586387655,209.07452581531086,1,0,321594.0
2020-04-03,-553.4000000000005,321594.0,0.0,0,1.3,113.81033474547787,0.0,1,0,321594.0
2020-04-07,-544.4000000000005,321594.0,0.0,0,1.3,0.0,173.93484488753094,1,0,321594.0
2020-04-08,-580.0,321594.0,0.0,0,1.3,0.0,317.9621160637061,1,0,321594.0
2020-04-09,5.600000000000364,321594.0,0.0,0,1.2,0.0,446.5501177456394,1,0,321594.0
2020-04-10,1172.0,321594.0,0.0,0,1.0,151.46270189952114,13.0985339308738,1,0,321594.0
2020-04-13,1706.3999999999996,321594.0,0.0,0,0.9,1086.864027499377,0.0,1,0,321594.0
2020-04-14,2289.3999999999996,321594.0,0.0,0,0.8,2167.312409388821,0.0,1,0,321594.0
2020-04-15,2810.2000000000003,321594.0,0.0,0,0.7,3354.5630769186414,0.0,1,0,321594.0
2020-04-16,3289.4,321594.0,0.0,0,0.6,4497.626438401361,0.0,1,0,321594.0
2020-04-17,4457.799999999999,321594.0,0.0,0,0.4,5545.130626400454,0.0,1,0,321594.0
2020-04-20,6109.4,321594.0,0.0,0,0.1,7026.376640197417,0.0,1,0,321594.0
2020-04-21,7033.0,321594.0,0.0,0,-0.1,9166.701152301785,0.0,1,0,321594.0
2020-04-22,7112.6,321594.0,0.0,0,-0.1,11244.180467113263,0.0,1,0,321594.0
2020-04-23,6638.0,321594.0,0.0,0,-0.0,12613.988794073704,0.0,1,0,321594.0
2020-04-24,6603.0,321594.0,0.0,0,0.0,12996.679445632788,0.0,1,0,321594.0
2020-04-27,6072.8,321594.0,0.0,0,0.1,12979.453682887237,0.0,1,0,321594.0
2020-04-28,5049.4,321356.0,-0.0007400635583997284,-10,0.3,0.0,0.0,0,1,249834.0
2020-04-29,4517.4,320978.0,-0.0011762655746274664,0,0.4,0.0,970.060306122856,1,0,320978.0
2020-04-30,3412.2000000000003,320978.0,0.0,0,0.6,0.0,2097.919487251436,1,0,320978.0
2020-05-06,2908.2000000000003,320978.0,0.0,0,0.7,0.0,3642.6730555784416,1,0,320978.0
2020-05-07,2919.8,320978.0,0.0,0,0.7,0.0,5012.358341992303,1,0,320978.0
2020-05-08,2919.0000000000005,320978.0,0.0,0,0.7,0.0,5842.533537282658,1,0,320978.0
2020-05-11,2956.2000000000003,320978.0,0.0,0,0.7,0.0,6264.5596042258785,1,0,320978.0
2020-05-12,3475.0,320978.0,0.0,0,0.6,0.0,6389.095749532126,1,0,320978.0
2020-05-13,4098.0,320978.0,0.0,0,0.5,0.0,5920.345191308591,1,0,320978.0
2020-05-14,4657.4,320978.0,0.0,0,0.4,631.5931987409496,4838.338390049541,1,0,320978.0
2020-05-15,5181.2,320978.0,0.0,0,0.3,1518.001209730734,3248.117829610754,1,0,320978.0
2020-05-18,5786.0,320978.0,0.0,0,0.2,2495.4157208291817,1350.7323407092024,1,0,320978.0
2020-05-19,5742.6,320978.0,0.0,0,0.2,3573.0272730411375,0.0,1,0,320978.0
2020-05-20,5742.4,320978.0,0.0,0,0.2,4209.007836753366,0.0,1,0,320978.0
2020-05-21,5736.4,320978.0,0.0,0,0.2,4540.522776752881,0.0,1,0,320978.0
2020-05-22,5676.6,320978.0,0.0,0,0.2,4664.629831342838,0.0,1,0,320978.0
2020-05-25,5685.8,320978.0,0.0,0,0.2,4624.107178427102,0.0,1,0,320978.0
2020-05-26,5102.8,321156.0,0.0005545551408507876,-10,0.3,0.0,0.0,0,1,242368.0
2020-05-27,5636.6,321078.0,-0.00024287262265065834,0,0.2,0.0,416.4845420078352,1,0,321078.0
2020-05-28,5848.6,321078.0,0.0,0,0.2,0.0,282.2265415624567,1,0,321078.0
2020-05-29,4719.6,321078.0,0.0,0,0.4,94.24357845078744,0.0,1,0,321078.0
2020-06-01,3634.0,321078.0,0.0,0,0.6,0.0,560.1352701952095,1,0,321078.0
2020-06-02,2506.5999999999995,321078.0,0.0,0,0.8,0.0,1716.308513680257,1,0,321078.0
2020-06-03,1964.3999999999996,321078.0,0.0,0,0.9,0.0,3321.63110383278,1,0,321078.0
2020-06-04,924.5999999999995,321078.0,0.0,0,1.1,0.0,4793.835656033112,1,0,321078.0
2020-06-05,305.60000000000036,321078.0,0.0,0,1.2,0.0,6527.953417310142,1,0,321078.0
2020-06-08,339.8000000000002,321078.0,0.0,0,1.2,0.0,8061.855746423626,1,0,321078.0
2020-06-09,301.60000000000036,321078.0,0.0,0,1.2,0.0,8934.685817649548,1,0,321078.0
2020-06-10,378.1999999999998,321078.0,0.0,0,1.2,0.0,9403.72690211,1,0,321078.0
2020-06-11,-94.19999999999982,321078.0,0.0,0,1.3,0.0,9529.803443090692,1,0,321078.0
2020-06-12,-60.0,321304.0,0.000703878808264724,10,1.3,0.0,0.0,0,1,174432.0
2020-06-15,-428.7999999999993,321168.0,-0.00042327515374851465,0,1.4,0.0,190.69406960297846,1,0,321168.0
2020-06-16,-535.9999999999991,321168.0,0.0,0,1.4,0.0,572.7016844781215,1,0,321168.0
2020-06-17,-483.7999999999993,321168.0,0.0,0,1.4,0.0,908.3465699454639,1,0,321168.0
2020-06-18,-1049.0,321168.0,0.0,0,1.5,0.0,1074.3240206790847,1,0,321168.0
2020-06-19,-1192.0,321168.0,0.0,0,1.5,0.0,1572.8147238686377,1,0,321168.0
2020-06-22,-1773.3999999999996,321168.0,0.0,0,1.6,0.0,1998.8785999465522,1,0,321168.0
2020-06-23,-1715.3999999999996,321168.0,0.0,0,1.6,0.0,2693.3509193087766,1,0,321168.0
2020-06-24,-2251.199999999999,321168.0,0.0,0,1.7,0.0,3098.024740051588,1,0,321168.0
2020-06-29,-2053.199999999999,321168.0,0.0,0,1.7,0.0,3732.703474274868,1,0,321168.0
2020-06-30,-2720.2000000000007,321168.0,0.0,0,1.8,0.0,3972.261477993734,1,0,321168.0
2020-07-01,-2699.6000000000004,321168.0,0.0,0,1.8,0.0,4577.958911656782,1,0,321168.0
2020-07-02,-3383.3999999999996,321168.0,0.0,0,1.9,0.0,4943.127753906183,1,0,321168.0
2020-07-03,-4006.0,321168.0,0.0,0,2.0,0.0,5655.810872822084,1,0,321168.0
2020-07-06,-4062.0,321168.0,0.0,0,2.0,0.0,6576.059780721436,1,0,321168.0
2020-07-07,-3867.0,321168.0,0.0,0,2.0,0.0,7209.441210040513,1,0,321168.0
2020-07-08,-4460.200000000001,321168.0,0.0,0,2.1,0.0,7430.811314951293,1,0,321168.0
2020-07-09,-5082.6,321168.0,0.0,0,2.2,0.0,7948.384448288864,1,0,321168.0
2020-07-10,-4374.6,321168.0,0.0,0,2.1,0.0,8714.63547084857,1,0,321168.0
2020-07-13,-3753.0,322060.0,0.002777362626413593,10,2.0,0.0,0.0,0,1,121470.0
2020-07-14,-4332.4,322216.0,0.00048438179221266253,0,2.1,249.1752485782728,0.0,1,0,322216.0
2020-07-15,-4964.800000000001,322216.0,0.0,0,2.2,0.0,0.0,1,0,322216.0
2020-07-16,-5555.5999999999985,322216.0,0.0,0,2.3,0.0,310.1650210064812,1,0,322216.0
2020-07-17,-5673.199999999999,322216.0,0.0,0,2.3,0.0,922.1322143898142,1,0,322216.0
2020-07-20,-5605.4,322216.0,0.0,0,2.3,0.0,1426.255918194424,1,0,322216.0
2020-07-21,-5550.799999999999,322216.0,0.0,0,2.3,0.0,1758.752935931522,1,0,322216.0
2020-07-22,-5558.999999999998,322216.0,0.0,0,2.3,0.0,1870.6267134132818,1,0,322216.0
2020-07-23,-5777.4,322216.0,0.0,0,2.3,0.0,1861.6632858549908,1,0,322216.0
2020-07-24,-5798.999999999998,322216.0,0.0,0,2.3,0.0,1981.9678708652941,1,0,322216.0
2020-07-27,-5048.6,324172.0,0.006070462050301595,10,2.2,0.0,0.0,0,1,92436.0
2020-07-28,-4791.6,324622.0,0.0013881519687080068,0,2.2,398.97380008077266,0.0,1,0,324622.0
2020-07-29,-4898.6,324622.0,0.0,0,2.2,864.4070750472202,0.0,1,0,324622.0
2020-07-30,-5176.6,324622.0,0.0,0,2.2,1100.634745181464,0.0,1,0,324622.0
2020-07-31,-5032.800000000001,324622.0,0.0,0,2.2,1008.6726076577831,0.0,1,0,324622.0
2020-08-03,-5154.200000000001,324622.0,0.0,0,2.2,989.647306939138,0.0,1,0,324622.0
2020-08-04,-5108.000000000002,324622.0,0.0,0,2.2,801.6300476243208,0.0,1,0,324622.0
2020-08-05,-4180.200000000001,324622.0,0.0,0,2.1,653.7302105036289,7.9858771650240215,1,0,324622.0
2020-08-06,-4554.6,324622.0,0.0,0,2.2,1204.9309550642074,0.0,1,0,324622.0
2020-08-07,-4632.800000000001,324622.0,0.0,0,2.2,1336.0593929303209,0.0,1,0,324622.0
2020-08-10,-4797.200000000001,324622.0,0.0,0,2.2,1345.8909785745634,0.0,1,0,324622.0
2020-08-11,-5346.4,324622.0,0.0,0,2.3,1152.5887537262608,0.0,1,0,324622.0
2020-08-12,-5716.999999999998,324622.0,0.0,0,2.3,428.1758023225435,318.8441914534236,1,0,324622.0
2020-08-13,-6882.199999999999,324622.0,0.0,0,2.4,0.0,870.1272106998371,1,0,324622.0
2020-08-14,-5436.4000000000015,324622.0,0.0,0,2.2,0.0,2135.1213777744647,1,0,324622.0
2020-08-17,-4267.0,324622.0,0.0,0,2.0,0.0,1828.1870284627032,1,0,324622.0
2020-08-18,-3019.2000000000007,324622.0,0.0,0,1.8,598.7714527075002,366.95848117020347,1,0,324622.0
2020-08-19,-2385.6000000000004,324622.0,0.0,0,1.7,2039.2126375977984,0.0,1,0,324622.0
2020-08-20,-1031.0,324622.0,0.0,0,1.5,3581.804878929326,0.0,1,0,324622.0
2020-08-21,308.0,324622.0,0.0,0,1.3,5621.5799623989615,0.0,1,0,324622.0
2020-08-24,923.2000000000007,324622.0,0.0,0,1.2,7926.167703328529,0.0,1,0,324622.0
2020-08-25,2105.0,324622.0,0.0,0,1.0,9809.524867939357,0.0,1,0,324622.0
2020-08-26,3311.7999999999993,324622.0,0.0,0,0.8,11817.57233082694,0.0,1,0,324622.0
2020-08-27,5192.0,324622.0,0.0,0,0.5,13940.58579705325,0.0,1,0,324622.0
2020-08-28,8603.0,324622.0,0.0,0,0.0,16639.525906715015,0.0,1,0,324622.0
2020-08-31,9329.2,324622.0,0.0,0,-0.1,20829.446677113065,0.0,1,0,324622.0
2020-09-01,9381.0,324622.0,0.0,0,-0.1,24105.910698038217,0.0,1,0,324622.0
2020-09-02,9372.0,324622.0,0.0,0,-0.1,26149.99180199839,0.0,1,0,324622.0
2020-09-03,9374.2,324622.0,0.0,0,-0.1,27188.42918446334,0.0,1,0,324622.0
2020-09-04,9348.2,324622.0,0.0,0,-0.1,27519.92929585628,0.0,1,0,324622.0
2020-09-07,9320.6,324622.0,0.0,0,-0.1,27434.06953469139,0.0,1,0,324622.0
2020-09-08,9383.6,324622.0,0.0,0,-0.1,27365.347871559152,0.0,1,0,324622.0
2020-09-09,9346.2,324622.0,0.0,0,-0.1,27377.693041079263,0.0,1,0,324622.0
2020-09-10,9999.6,324622.0,0.0,0,-0.2,27351.479935625906,3.0440374037852607,1,0,324622.0
2020-09-11,10019.4,324622.0,0.0,0,-0.2,27780.05760598146,0.0,1,0,324622.0
2020-09-14,10206.6,324622.0,0.0,0,-0.2,28097.632724540603,0.0,1,0,324622.0
2020-09-15,9491.8,324622.0,0.0,0,-0.1,28446.72490346688,0.0,1,0,324622.0
2020-09-16,9496.0,324622.0,0.0,0,-0.1,28068.27900698782,0.18267494951737717,1,0,324622.0
2020-09-17,8933.0,324622.0,0.0,0,-0.0,27680.343676676177,32.59020178073041,1,0,324622.0
2020-09-18,8389.0,324622.0,0.0,0,0.1,26745.791592891037,515.6381179955905,1,0,324622.0
2020-09-21,7130.200000000001,322404.0,-0.006832562180012491,-10,0.3,0.0,0.0,0,3,225998.0
2020-09-22,5633.0,323580.0,0.0036475974243495024,-10,0.5,0.0,1432.9051056180053,1,3,225998.0
2020-09-23,4809.8,325440.0,0.005748192100871519,-10,0.6,0.0,3473.197242376118,2,3,225998.0
2020-09-24,4797.400000000001,325576.0,0.00041789577187811844,0,0.6,0.0,5417.0662542863165,3,0,325576.0
2020-09-25,4798.6,325576.0,0.0,0,0.6,0.0,6658.636142345986,3,0,325576.0
2020-09-28,4062.2000000000007,325576.0,0.0,0,0.7,0.0,7322.827506150832,3,0,325576.0
2020-09-29,4038.8,325576.0,0.0,0,0.7,0.0,8146.824925823044,3,0,325576.0
2020-09-30,4093.6000000000004,325576.0,0.0,0,0.7,0.0,8612.384091872756,3,0,325576.0
2020-10-09,4116.8,324644.0,-0.0028626188662554952,10,0.7,0.0,0.0,0,1,186876.0
2020-10-12,4132.0,324416.0,-0.0007023077586525428,0,0.7,0.0,77.4617809811877,1,0,324416.0
2020-10-13,3423.3999999999996,324416.0,0.0,0,0.8,0.0,63.04167971723746,1,0,324416.0
2020-10-14,2708.8,324416.0,0.0,0,0.9,0.0,535.515073954455,1,0,324416.0
2020-10-15,2722.8,324416.0,0.0,0,0.9,0.0,1352.81136312054,1,0,324416.0
2020-10-16,2801.2,324416.0,0.0,0,0.9,0.0,1907.2466778497983,1,0,324416.0
2020-10-19,2760.5999999999995,324416.0,0.0,0,0.9,0.0,2191.602624329323,1,0,324416.0
2020-10-20,2772.8,324416.0,0.0,0,0.9,0.0,2341.704027729506,1,0,324416.0
2020-10-21,2703.8,324416.0,0.0,0,0.9,0.0,2344.3529495473376,1,0,324416.0
2020-10-22,2698.5999999999995,324416.0,0.0,0,0.9,0.0,2353.0204526681205,1,0,324416.0
2020-10-23,1999.0,324546.0,0.00040072006312885655,10,1.0,0.0,0.0,0,4,168604.0
2020-10-26,2002.0,324726.0,0.00055462091660341,10,1.0,0.0,496.05850422963994,1,4,168604.0
2020-10-27,2016.0,324898.0,0.0005296773279626077,10,1.0,0.0,844.9211423033157,2,4,168604.0
2020-10-28,2080.0,325508.0,0.0018775123269456628,10,1.0,0.0,1055.6221705832118,3,4,168604.0
2020-10-29,2343.0,325510.0,6.144242230554653e-06,0,1.0,0.0,1112.062096887081,4,0,325510.0
2020-10-30,2379.0,325510.0,0.0,0,1.0,0.0,871.1763640199727,4,0,325510.0
2020-11-02,2545.0,325510.0,0.0,0,1.0,28.818142163186593,575.5945061831587,4,0,325510.0
2020-11-03,2393.0,325510.0,0.0,0,1.0,267.30847710306944,113.79912683732688,4,0,325510.0
2020-11-04,1772.999999999999,325510.0,0.0,0,1.1,301.55620720144964,0.0,4,0,325510.0
2020-11-05,843.8000000000011,325510.0,0.0,0,1.2,0.0,310.4946810899893,4,0,325510.0
2020-11-06,752.3999999999996,325510.0,0.0,0,1.2,0.0,1222.6163374275816,4,0,325510.0
2020-11-09,-50.399999999999636,325510.0,0.0,0,1.3,0.0,1948.3987317643998,4,0,325510.0
2020-11-10,-68.0,325510.0,0.0,0,1.3,0.0,3012.924307977352,4,0,325510.0
2020-11-11,-996.0,325510.0,0.0,0,1.4,0.0,3708.6589778581956,4,0,325510.0
2020-11-12,-65.80000000000109,325510.0,0.0,0,1.3,0.0,4789.073968485997,4,0,325510.0
2020-11-13,-120.60000000000036,325510.0,0.0,0,1.3,0.0,4723.149871305111,4,0,325510.0
2020-11-16,-326.60000000000036,325510.0,0.0,0,1.3,0.0,4577.479689061619,4,0,325510.0
2020-11-17,411.8000000000011,325510.0,0.0,0,1.2,0.0,4522.381708287844,4,0,325510.0
2020-11-18,1229.7999999999993,325510.0,0.0,0,1.1,373.01074401510084,3724.478166588657,4,0,325510.0
2020-11-19,1969.0,325510.0,0.0,0,1.0,1251.7993057028332,2162.1238711335336,4,0,325510.0
2020-11-20,1963.0,325510.0,0.0,0,1.0,2418.6765939466045,0.0,4,0,325510.0
2020-11-23,2831.3999999999996,325510.0,0.0,0,0.9,3163.787013360083,0.0,4,0,325510.0
2020-11-24,2836.2,325510.0,0.0,0,0.9,4263.109868004698,0.0,4,0,325510.0
2020-11-25,2876.3999999999996,325510.0,0.0,0,0.9,4942.813731106593,0.0,4,0,325510.0
2020-11-26,2768.0,325510.0,0.0,0,0.9,5333.617624040845,0.0,4,0,325510.0
2020-11-27,3551.0,325510.0,0.0,0,0.8,5427.43378716623,0.0,4,0,325510.0
2020-11-30,3512.2,325510.0,0.0,0,0.8,6014.170369106029,0.0,4,0,325510.0
2020-12-01,3584.7999999999993,325510.0,0.0,0,0.8,6354.524746053228,0.0,4,0,325510.0
2020-12-02,4253.8,326590.0,0.003317870418727553,-10,0.7,0.0,0.0,0,1,165792.0
2020-12-03,5060.0,326548.0,-0.00012860161058203534,0,0.6,642.267334086695,0.0,1,0,326548.0
2020-12-04,4935.8,326548.0,0.0,0,0.6,1648.3407815713654,0.0,1,0,326548.0
2020-12-07,5716.0,326548.0,0.0,0,0.5,2214.7029204229084,0.0,1,0,326548.0
2020-12-08,6202.4,326548.0,0.0,0,0.4,3117.4219654388644,0.0,1,0,326548.0
2020-12-09,6179.6,326548.0,0.0,0,0.4,4054.954946865823,0.0,1,0,326548.0
2020-12-10,5405.0,326548.0,0.0,0,0.5,4610.055252178355,0.0,1,0,326548.0
2020-12-11,4726.8,326548.0,0.0,0,0.6,4268.506828356463,0.0,1,0,326548.0
2020-12-14,4722.6,326548.0,0.0,0,0.6,3238.005962702865,437.49913434640143,1,0,326548.0
2020-12-15,3278.5999999999995,326548.0,0.0,0,0.8,2226.6843273694617,806.1774990129961,1,0,326548.0
2020-12-16,2495.8,326548.0,0.0,0,0.9,0.0,2186.543706519539,1,0,326548.0
2020-12-17,1798.0,326548.0,0.0,0,1.0,0.0,3704.7354701630643,1,0,326548.0
2020-12-18,946.0,326548.0,0.0,0,1.1,0.0,5193.510456180381,1,0,326548.0
2020-12-21,869.0,326548.0,0.0,0,1.1,0.0,6746.728493514097,1,0,326548.0
2020-12-22,930.1999999999989,326548.0,0.0,0,1.1,0.0,7756.87545947354,1,0,326548.0
2020-12-23,63.600000000000364,326548.0,0.0,0,1.2,0.0,8247.437173863338,1,0,326548.0
2020-12-24,108.0,326548.0,0.0,0,1.2,0.0,9114.039017077208,1,0,326548.0
2020-12-25,126.0,326548.0,0.0,0,1.2,0.0,9599.979515266485,1,0,326548.0
2020-12-28,265.0,327858.0,0.004011661379031528,10,1.2,0.0,0.0,0,1,134648.0
2020-12-29,229.60000000000036,327978.0,0.0003660121150010909,0,1.2,0.0,0.0,1,0,327978.0
2020-12-30,166.0,327978.0,0.0,0,1.2,0.0,0.0,1,0,327978.0
2020-12-31,974.5999999999985,327978.0,0.0,0,1.1,0.0,0.0,1,0,327978.0
2021-01-04,1109.5999999999985,327978.0,0.0,0,1.1,540.602108876086,0.0,1,0,327978.0
2021-01-05,1159.7999999999993,327978.0,0.0,0,1.1,1011.4020305636923,0.0,1,0,327978.0
2021-01-06,1093.5999999999985,327978.0,0.0,0,1.1,1356.328555107575,0.0,1,0,327978.0
2021-01-07,1128.5999999999985,327978.0,0.0,0,1.1,1502.823290803236,0.0,1,0,327978.0
2021-01-08,1171.199999999999,327978.0,0.0,0,1.1,1573.4659362065986,0.0,1,0,327978.0
2021-01-11,1224.199999999999,327978.0,0.0,0,1.1,1592.1466408059548,0.0,1,0,327978.0
2021-01-12,463.39999999999964,327556.0,-0.0012866716670020262,-10,1.2,0.0,0.0,0,1,138218.0
2021-01-13,487.39999999999964,327280.0,-0.0008426040127489376,0,1.2,0.0,455.5049194132155,1,0,327280.0
2021-01-14,628.3999999999996,327280.0,0.0,0,1.2,0.0,762.1243769266528,1,0,327280.0
2021-01-15,684.8000000000011,327280.0,0.0,0,1.2,0.0,848.0164384144729,1,0,327280.0
2021-01-18,653.6000000000004,327280.0,0.0,0,1.2,0.0,822.4430578549276,1,0,327280.0
2021-01-19,678.3999999999996,327280.0,0.0,0,1.2,0.0,772.234446268036,1,0,327280.0
2021-01-20,648.6000000000004,327280.0,0.0,0,1.2,0.0,656.1029775043114,1,0,327280.0
2021-01-21,681.0,327280.0,0.0,0,1.2,0.0,568.03354262505,1,0,327280.0
2021-01-22,718.3999999999996,327280.0,0.0,0,1.2,8.903298144234483,489.85112648357034,1,0,327280.0
2021-01-25,1457.199999999999,327284.0,1.2221950623336753e-05,10,1.1,0.0,0.0,0,1,138860.0
2021-01-26,2099.0,327520.0,0.0007210862736950485,0,1.0,520.5430520653381,0.0,1,0,327520.0
2021-01-27,2054.0,327520.0,0.0,0,1.0,1344.036801760507,0.0,1,0,327520.0
2021-01-28,2858.5999999999995,327520.0,0.0,0,0.9,1872.8969781727817,0.0,1,0,327520.0
2021-01-29,2756.3999999999996,327520.0,0.0,0,0.9,2795.1305816242316,0.0,1,0,327520.0
2021-02-01,3498.3999999999996,327520.0,0.0,0,0.8,3304.1367669941874,0.0,1,0,327520.0
2021-02-02,3459.0,327520.0,0.0,0,0.8,4130.734015463743,0.0,1,0,327520.0
2021-02-03,3414.5999999999995,327520.0,0.0,0,0.8,4610.807656626687,0.0,1,0,327520.0
2021-02-04,4162.400000000001,327520.0,0.0,0,0.7,4837.9308733425105,0.0,1,0,327520.0
2021-02-05,4269.6,327520.0,0.0,0,0.7,5489.944546157822,0.0,1,0,327520.0
2021-02-08,4265.0,327520.0,0.0,0,0.7,5982.1932432561025,0.0,1,0,327520.0
2021-02-09,4224.8,327520.0,0.0,0,0.7,6274.474489030203,0.0,1,0,327520.0
2021-02-10,4291.400000000001,326854.0,-0.002033463605276009,-10,0.7,0.0,0.0,0,1,173468.0
2021-02-18,4402.200000000001,327370.0,0.0015786865083493584,0,0.7,81.19646110344772,0.0,1,0,327370.0
2021-02-19,4387.6,327370.0,0.0,0,0.7,170.7200251486597,0.0,1,0,327370.0
2021-02-22,4370.0,327370.0,0.0,0,0.7,229.5614543825509,0.0,1,0,327370.0
2021-02-23,4396.8,327370.0,0.0,0,0.7,248.91101201328658,0.0,1,0,327370.0
2021-02-24,4523.0,327370.0,0.0,0,0.7,275.6468589408631,0.0,1,0,327370.0
2021-02-25,3631.5999999999995,327370.0,0.0,0,0.8,380.9452167583424,0.0,1,0,327370.0
2021-02-26,3553.0,327370.0,0.0,0,0.8,0.0,506.2186258142358,1,0,327370.0
2021-03-01,3438.5999999999995,327370.0,0.0,0,0.8,0.0,931.0162918368711,1,0,327370.0
2021-03-02,4320.200000000001,327370.0,0.0,0,0.7,0.0,1297.6704610264471,1,0,327370.0
2021-03-03,4290.8,327370.0,0.0,0,0.7,52.95767081121116,776.8567032662273,1,0,327370.0
2021-03-04,4279.6,327370.0,0.0,0,0.7,92.14010470037016,278.439137155385,1,0,327370.0
2021-03-05,4273.400000000001,327370.0,0.0,0,0.7,143.87513243400508,0.0,1,0,327370.0
2021-03-08,4463.400000000001,327370.0,0.0,0,0.7,245.16537958244436,0.0,1,0,327370.0
2021-03-09,4371.400000000001,327370.0,0.0,0,0.7,414.48766982541304,0.0,1,0,327370.0
2021-03-10,4339.6,327370.0,0.0,0,0.7,408.2195319459431,0.0,1,0,327370.0
2021-03-11,4241.0,327370.0,0.0,0,0.7,380.3066614134724,0.0,1,0,327370.0
2021-03-12,4228.0,327370.0,0.0,0,0.7,260.6855029057732,43.864555778017106,1,0,327370.0
2021-03-15,4239.6,327370.0,0.0,0,0.7,133.16740067158656,87.88931068668882,1,0,327370.0
2021-03-16,4200.0,327370.0,0.0,0,0.7,20.962887825467647,112.59908355485504,1,0,327370.0
2021-03-17,4185.0,327370.0,0.0,0,0.7,0.0,162.02249629414933,1,0,327370.0
2021-03-18,4092.0,327370.0,0.0,0,0.7,0.0,199.62164403173963,1,0,327370.0
2021-03-19,4161.6,327370.0,0.0,0,0.7,0.0,288.3304005280354,1,0,327370.0
2021-03-22,4207.0,327370.0,0.0,0,0.7,0.0,292.5742187597377,1,0,327370.0
2021-03-23,4203.400000000001,327370.0,0.0,0,0.7,0.0,248.43524815328976,1,0,327370.0
2021-03-24,4279.400000000001,327370.0,0.0,0,0.7,0.0,205.65163088035996,1,0,327370.0
2021-03-25,4274.400000000001,327370.0,0.0,0,0.7,61.49487700525104,87.88936502846825,1,0,327370.0
2021-03-26,4218.8,327370.0,0.0,0,0.7,103.05087396411355,0.0,1,0,327370.0
2021-03-29,5059.0,327370.0,0.0,0,0.6,84.21801122654867,0.0,1,0,327370.0
2021-03-30,5083.0,327370.0,0.0,0,0.6,640.7185270042133,0.0,1,0,327370.0
2021-03-31,5138.2,327370.0,0.0,0,0.6,1044.5485896154446,0.0,1,0,327370.0
2021-04-01,5236.2,327370.0,0.0,0,0.6,1346.99734746236,0.0,1,0,327370.0
2021-04-02,5631.8,327370.0,0.0,0,0.6,1592.8320772015932,0.0,1,0,327370.0
2021-04-06,6104.0,327370.0,0.0,0,0.5,2017.4335832998509,0.0,1,0,327370.0
2021-04-07,6181.0,327370.0,0.0,0,0.5,2622.2982077170077,0.0,1,0,327370.0
2021-04-08,6177.0,327370.0,0.0,0,0.5,3070.0988784817678,0.0,1,0,327370.0
2021-04-09,6227.0,327370.0,0.0,0,0.5,3345.2004388542396,0.0,1,0,327370.0
2021-04-12,6195.0,327370.0,0.0,0,0.5,3521.879682124572,0.0,1,0,327370.0
2021-04-13,6216.0,327370.0,0.0,0,0.5,3561.4073854865696,0.0,1,0,327370.0
2021-04-14,6280.0,326890.0,-0.0014662308702690918,-10,0.5,0.0,0.0,0,1,184530.0
2021-04-15,6993.6,326790.0,-0.0003059133041696249,0,0.4,55.885817695920856,0.0,1,0,326790.0
2021-04-16,7131.799999999999,326790.0,0.0,0,0.4,576.6425607147282,0.0,1,0,326790.0
2021-04-19,7083.2,326790.0,0.0,0,0.4,1040.9624223927167,0.0,1,0,326790.0
2021-04-20,7060.2,326790.0,0.0,0,0.4,1308.8666430675896,0.0,1,0,326790.0
2021-04-21,7212.799999999999,326790.0,0.0,0,0.4,1435.5785502614306,0.0,1,0,326790.0
2021-04-22,7293.799999999999,326790.0,0.0,0,0.4,1584.5776560690347,0.0,1,0,326790.0
2021-04-23,7364.799999999999,326790.0,0.0,0,0.4,1702.4452279103189,0.0,1,0,326790.0
2021-04-26,7177.4,328260.0,0.004498301661617576,-10,0.4,0.0,0.0,0,1,184314.0
2021-04-27,8008.200000000001,328374.0,0.00034728568817410377,0,0.3,0.0,0.0,1,0,328374.0
2021-04-28,7920.6,328374.0,0.0,0,0.3,531.6477132680504,0.0,1,0,328374.0
2021-04-29,7936.200000000001,328374.0,0.0,0,0.3,830.5897869708366,0.0,1,0,328374.0
2021-04-30,7876.200000000001,328374.0,0.0,0,0.3,1019.6670098069815,0.0,1,0,328374.0
2021-05-06,7412.6,328374.0,0.0,0,0.4,1063.3206501891852,0.0,1,0,328374.0
2021-05-07,7436.0,328374.0,0.0,0,0.4,635.1846415257897,88.37827705088822,1,0,328374.0
2021-05-10,6526.0,328374.0,0.0,0,0.5,225.15927792060765,168.41005630284994,1,0,328374.0
2021-05-11,5536.0,328374.0,0.0,0,0.6,0.0,966.3418386809376,1,0,328374.0
2021-05-12,5593.8,328374.0,0.0,0,0.6,0.0,2216.3429453370854,1,0,328374.0
2021-05-13,4543.400000000001,328374.0,0.0,0,0.7,0.0,3013.2781071210256,1,0,328374.0
2021-05-14,4429.200000000001,328374.0,0.0,0,0.7,0.0,4270.647006659348,1,0,328374.0
2021-05-17,4382.6,328374.0,0.0,0,0.7,0.0,5145.426106201739,1,0,328374.0
2021-05-18,4358.0,328374.0,0.0,0,0.7,0.0,5673.563747586495,1,0,328374.0
2021-05-19,4329.0,328374.0,0.0,0,0.7,0.0,5946.142498757893,1,0,328374.0
2021-05-20,5138.0,328374.0,0.0,0,0.6,0.0,6071.65761919435,1,0,328374.0
2021-05-21,5111.8,328374.0,0.0,0,0.6,210.9100165245426,5370.567635718893,1,0,328374.0
2021-05-24,5190.400000000001,329088.0,0.0021743499789874665,10,0.6,0.0,0.0,0,1,175184.0
2021-05-25,5225.400000000001,329186.0,0.000297792687670162,0,0.6,277.62712815358407,0.0,1,0,329186.0
2021-05-26,5252.0,329186.0,0.0,0,0.6,466.37506495041055,0.0,1,0,329186.0
2021-05-27,5145.8,329186.0,0.0,0,0.6,568.4858061318023,0.0,1,0,329186.0
2021-05-28,4416.8,329186.0,0.0,0,0.7,496.00371950536,0.0,1,0,329186.0
2021-05-31,4458.8,329186.0,0.0,0,0.7,0.0,505.9486601592797,1,0,329186.0
2021-06-01,4414.8,329186.0,0.0,0,0.7,0.0,834.8178735132051,1,0,329186.0
2021-06-02,4535.200000000001,329186.0,0.0,0,0.7,0.0,1084.5922161481303,1,0,329186.0
2021-06-03,3648.3999999999996,329186.0,0.0,0,0.8,0.0,1125.3757066106584,1,0,329186.0
2021-06-04,3680.3999999999996,329186.0,0.0,0,0.8,0.0,1763.5415235796213,1,0,329186.0
2021-06-07,3674.2,329186.0,0.0,0,0.8,0.0,2151.4935328733213,1,0,329186.0
2021-06-08,2792.5999999999995,329186.0,0.0,0,0.9,0.0,2383.872260684695,1,0,329186.0
2021-06-09,2808.2,329186.0,0.0,0,0.9,0.0,3163.482912568441,1,0,329186.0
2021-06-10,2801.2,329186.0,0.0,0,0.9,0.0,3663.42186730808,1,0,329186.0
2021-06-11,2797.8,329186.0,0.0,0,0.9,0.0,3954.435270140223,1,0,329186.0
2021-06-15,2782.3999999999996,329186.0,0.0,0,0.9,0.0,4096.493545851351,1,0,329186.0
2021-06-16,2704.8,329186.0,0.0,0,0.9,0.0,4147.261816194778,1,0,329186.0
2021-06-17,2627.2,328852.0,-0.001014623951200888,10,0.9,0.0,0.0,0,1,157572.0
2021-06-18,1752.0,328412.0,-0.0013379879094547187,0,1.0,0.0,98.00323616679708,1,0,328412.0
2021-06-21,1678.0,328412.0,0.0,0,1.0,0.0,764.350460385598,1,0,328412.0
2021-06-22,1589.0,328412.0,0.0,0,1.0,0.0,1282.5653684118377,1,0,328412.0
2021-06-23,1600.0,328412.0,0.0,0,1.0,0.0,1685.1334794370268,1,0,328412.0
2021-06-24,1671.0,328412.0,0.0,0,1.0,0.0,1907.0959122264294,1,0,328412.0
2021-06-25,1694.0,328412.0,0.0,0,1.0,0.0,1934.435115974782,1,0,328412.0
2021-06-28,1825.0,328412.0,0.0,0,1.0,0.0,1857.8898019788332,1,0,328412.0
2021-06-29,1712.0,327452.0,-0.0029231574972899965,10,1.0,0.0,0.0,0,1,146652.0
2021-06-30,847.7999999999993,326972.0,-0.0014658636991070617,0,1.1,0.0,0.0,1,0,326972.0
2021-07-01,835.5999999999985,326972.0,0.0,0,1.1,0.0,552.4529912161019,1,0,326972.0
2021-07-02,860.5999999999985,326972.0,0.0,0,1.1,0.0,959.7683598255685,1,0,326972.0
2021-07-05,60.600000000000364,326972.0,0.0,0,1.2,0.0,1212.8032118822325,1,0,326972.0
2021-07-06,-32.19999999999891,326972.0,0.0,0,1.2,0.0,1947.4376353227462,1,0,326972.0
2021-07-07,-84.0,326972.0,0.0,0,1.2,0.0,2493.487473438489,1,0,326972.0
2021-07-08,-203.60000000000036,326972.0,0.0,0,1.2,0.0,2849.681983910839,1,0,326972.0
2021-07-09,605.5999999999985,326972.0,0.0,0,1.1,0.0,3132.6087828819404,1,0,326972.0
2021-07-12,633.5999999999985,326972.0,0.0,0,1.1,84.41689977972015,2589.425682661663,1,0,326972.0
2021-07-13,655.7999999999993,326972.0,0.0,0,1.1,243.1308292180655,2006.8253263857243,1,0,326972.0
2021-07-14,742.0,326972.0,0.0,0,1.1,474.9351672404972,1394.4010929795854,1,0,326972.0
2021-07-15,781.7999999999993,326972.0,0.0,0,1.1,678.6100736625231,776.1331422587533,1,0,326972.0
2021-07-16,1673.0,326972.0,0.0,0,1.0,808.1641257032925,236.7157657280943,1,0,326972.0
2021-07-19,1672.0,326972.0,0.0,0,1.0,1509.9845444239438,0.0,1,0,326972.0
2021-07-20,1723.0,326972.0,0.0,0,1.0,1972.5717469318488,0.0,1,0,326972.0
2021-07-21,1696.0,326972.0,0.0,0,1.0,2304.8583096692096,0.0,1,0,326972.0
2021-07-22,1554.0,326972.0,0.0,0,1.0,2464.6271560383248,0.0,1,0,326972.0
2021-07-23,2381.8,326972.0,0.0,0,0.9,2391.008519584855,0.0,1,0,326972.0
2021-07-26,2265.8,326972.0,0.0,0,0.9,2899.2786306248463,0.0,1,0,326972.0
2021-07-27,3157.2,326972.0,0.0,0,0.8,3148.769271893481,0.0,1,0,326972.0
2021-07-28,3168.3999999999996,326972.0,0.0,0,0.8,3952.8728674259755,0.0,1,0,326972.0
2021-07-29,3106.2,326972.0,0.0,0,0.8,4504.887169928061,0.0,1,0,326972.0
2021-07-30,2982.5999999999995,326972.0,0.0,0,0.8,4790.727788404756,0.0,1,0,326972.0
2021-08-02,3085.2,326972.0,0.0,0,0.8,4806.703148052923,0.0,1,0,326972.0
2021-08-03,3151.2,326456.0,-0.0015781167806417917,-10,0.8,0.0,0.0,0,1,158568.0
2021-08-04,4093.0,326664.0,0.0006371455877667298,0,0.7,0.7325250683433637,0.0,1,0,326664.0
2021-08-05,4052.4000000000005,326664.0,0.0,0,0.7,655.8706578495271,0.0,1,0,326664.0
2021-08-06,4026.8,326664.0,0.0,0,0.7,1091.7092530559619,0.0,1,0,326664.0
2021-08-09,3959.0,326664.0,0.0,0,0.7,1356.6138237099156,0.0,1,0,326664.0
2021-08-10,3940.0,326664.0,0.0,0,0.7,1435.703398715325,0.0,1,0,326664.0
2021-08-11,4983.0,326664.0,0.0,0,0.6,1397.101988453929,0.0,1,0,326664.0
2021-08-12,5207.6,326664.0,0.0,0,0.6,2084.7612133099105,0.0,1,0,326664.0
2021-08-13,5268.6,326664.0,0.0,0,0.6,2702.229382247366,0.0,1,0,326664.0
2021-08-16,4348.8,326664.0,0.0,0,0.7,3166.5418996811118,0.0,1,0,326664.0
2021-08-17,3464.5999999999995,326664.0,0.0,0,0.8,2681.2493324301076,0.0,1,0,326664.0
2021-08-18,2600.3999999999996,326664.0,0.0,0,0.9,1338.5907749489515,634.3128710902728,1,0,326664.0
2021-08-19,1666.0,326664.0,0.0,0,1.0,0.0,1795.6218563581212,1,0,326664.0
2021-08-20,1699.0,326664.0,0.0,0,1.0,0.0,3362.03104675296,1,0,326664.0
2021-08-23,1719.0,326664.0,0.0,0,1.0,0.0,4359.55255865673,1,0,326664.0
2021-08-24,1754.0,326664.0,0.0,0,1.0,0.0,4887.034641680405,1,0,326664.0
2021-08-25,1783.0,326664.0,0.0,0,1.0,0.0,5063.199811806905,1,0,326664.0
2021-08-26,819.5999999999985,326664.0,0.0,0,1.1,0.0,5034.990186844745,1,0,326664.0
2021-08-27,763.5999999999985,326664.0,0.0,0,1.1,0.0,5677.793901220569,1,0,326664.0
2021-08-30,-109.39999999999964,327182.0,0.0015857272304262704,10,1.2,0.0,0.0,0,1,119284.0
2021-08-31,-107.0,327324.0,0.0004340092058854328,0,1.2,0.0,947.5266955005235,1,0,327324.0
2021-09-01,-60.0,327324.0,0.0,0,1.2,0.0,1581.1727271234222,1,0,327324.0
2021-09-02,-4.0,327324.0,0.0,0,1.2,0.0,1915.5278907315412,1,0,327324.0
2021-09-03,-45.399999999999636,327324.0,0.0,0,1.2,0.0,2000.9215657436614,1,0,327324.0
2021-09-06,-1005.6000000000004,327324.0,0.0,0,1.3,0.0,2015.984001580709,1,0,327324.0
2021-09-07,-1063.800000000001,327324.0,0.0,0,1.3,0.0,2684.1045670575236,1,0,327324.0
2021-09-08,-1974.7999999999993,327324.0,0.0,0,1.4,0.0,3168.3491919032695,1,0,327324.0
2021-09-09,-1961.199999999999,327324.0,0.0,0,1.4,0.0,4154.436221066931,1,0,327324.0
2021-09-10,-1857.199999999999,327324.0,0.0,0,1.4,0.0,4806.529573286827,1,0,327324.0
2021-09-13,-1904.5999999999985,327324.0,0.0,0,1.4,0.0,5105.39154966987,1,0,327324.0
2021-09-14,-935.3999999999996,327324.0,0.0,0,1.3,0.0,5242.331048021131,1,0,327324.0
2021-09-15,89.0,327324.0,0.0,0,1.2,345.46318100173187,4400.70851473715,1,0,327324.0
2021-09-16,1841.0,327324.0,0.0,0,1.0,1417.0703059564853,2549.1727825490475,1,0,327324.0
2021-09-17,2728.3999999999996,327324.0,0.0,0,0.9,3488.918849129599,0.0,1,0,327324.0
2021-09-22,4561.0,327324.0,0.0,0,0.7,5544.129429464415,0.0,1,0,327324.0
2021-09-23,6558.0,327324.0,0.0,0,0.5,8222.939371243534,0.0,1,0,327324.0
2021-09-24,5618.8,327324.0,0.0,0,0.6,11415.573356376779,0.0,1,0,327324.0
2021-09-27,1046.0,327324.0,0.0,0,1.1,12707.67168374304,0.0,1,0,327324.0
2021-09-28,978.5999999999985,327324.0,0.0,0,1.1,9333.72815451804,946.1136136321429,1,0,327324.0
2021-09-29,1068.7999999999993,327324.0,0.0,0,1.1,5851.926119591595,2173.3401501342732,1,0,327324.0
2021-09-30,1201.3999999999996,327324.0,0.0,0,1.1,2519.753213492211,3149.1672440348902,1,0,327324.0
2021-10-08,-1573.5999999999985,327324.0,0.0,0,1.4,0.0,3713.7638876506335,1,0,327324.0
2021-10-11,-3375.2000000000007,327324.0,0.0,0,1.6,0.0,5972.493870149066,1,0,327324.0
2021-10-12,-5115.600000000002,327324.0,0.0,0,1.8,0.0,8664.183161191839,1,0,327324.0
2021-10-13,-6086.5999999999985,327324.0,0.0,0,1.9,0.0,11665.858961034573,1,0,327324.0
2021-10-14,-6961.0,327324.0,0.0,0,2.0,0.0,14370.258592483378,1,0,327324.0
2021-10-15,-7147.0,327324.0,0.0,0,2.0,0.0,16694.653260605093,1,0,327324.0
2021-10-18,-8410.2,327324.0,0.0,0,2.1,0.0,18143.498292475044,1,0,327324.0
2021-10-19,-7518.0,327324.0,0.0,0,2.0,0.0,19843.926468283218,1,0,327324.0
2021-10-20,-6747.0,327324.0,0.0,0,1.9,0.0,20145.546725342803,1,0,327324.0
2021-10-21,-5770.4000000000015,327232.0,-0.0002810670772690482,10,1.8,0.0,0.0,0,1,8984.0
2021-10-22,-4433.200000000001,328494.0,0.003856591042440849,0,1.7,736.9966719678243,0.0,1,0,328494.0
2021-10-25,-4417.399999999998,328494.0,0.0,0,1.7,2375.05481558969,0.0,1,0,328494.0
2021-10-26,-5328.4000000000015,328494.0,0.0,0,1.8,3538.9361251571495,0.0,1,0,328494.0
2021-10-27,-5140.799999999999,328494.0,0.0,0,1.8,3533.852587988891,0.0,1,0,328494.0
2021-10-28,-5071.600000000002,328494.0,0.0,0,1.8,3435.550101246513,0.0,1,0,328494.0
2021-10-29,-5151.200000000001,328494.0,0.0,0,1.8,3232.5676783031067,0.0,1,0,328494.0
2021-11-01,-5010.0,328494.0,0.0,0,1.8,2884.9159779058687,0.0,1,0,328494.0
2021-11-02,-5112.799999999999,328494.0,0.0,0,1.8,2629.8193544105247,0.0,1,0,328494.0
2021-11-03,-5285.200000000001,328494.0,0.0,0,1.8,2405.8238612331047,0.0,1,0,328494.0
2021-11-04,-4828.0,323810.0,-0.014259012341169108,-10,1.8,0.0,0.0,0,1,17930.0
2021-11-05,-4731.200000000001,324050.0,0.0007411753806243482,0,1.8,186.8877117378218,0.0,1,0,324050.0
2021-11-08,-4549.200000000001,324050.0,0.0,0,1.8,387.3425292407015,0.0,1,0,324050.0
2021-11-09,-3468.3999999999996,324050.0,0.0,0,1.7,660.5449802749339,0.0,1,0,324050.0
2021-11-10,-1689.0,324050.0,0.0,0,1.5,1603.9211073682925,0.0,1,0,324050.0
2021-11-11,-743.7999999999993,324050.0,0.0,0,1.4,3518.8423074030043,0.0,1,0,324050.0
2021-11-12,163.60000000000036,324050.0,0.0,0,1.3,5514.077892393355,0.0,1,0,324050.0
2021-11-15,1196.3999999999996,324050.0,0.0,0,1.2,7480.321034097535,0.0,1,0,324050.0
2021-11-16,3167.0,324050.0,0.0,0,1.0,9484.287317746684,0.0,1,0,324050.0
2021-11-17,5091.4,324050.0,0.0,0,0.8,12165.092473865936,0.0,1,0,324050.0
2021-11-18,7993.0,324050.0,0.0,0,0.5,15269.553541839832,0.0,1,0,324050.0
2021-11-19,9951.6,324050.0,0.0,0,0.3,19364.640425972248,0.0,1,0,324050.0
2021-11-22,9632.0,324050.0,0.0,0,0.3,23462.82711955601,0.0,1,0,324050.0
2021-11-23,9616.6,324050.0,0.0,0,0.3,25786.785135148963,0.0,1,0,324050.0
2021-11-24,9769.6,324050.0,0.0,0,0.3,26975.179045524892,0.0,1,0,324050.0
2021-11-25,9823.0,324050.0,0.0,0,0.3,27502.82563601126,0.0,1,0,324050.0
2021-11-26,10745.6,324034.0,-4.937509643576643e-05,-10,0.2,0.0,0.0,0,1,168798.0
2021-11-29,10682.6,324990.0,0.0029503076837615883,0,0.2,685.8165301046913,0.0,1,0,324990.0
2021-11-30,9607.8,324990.0,0.0,0,0.3,1096.7010376287562,0.0,1,0,324990.0
2021-12-01,9651.8,324990.0,0.0,0,0.3,468.702769578159,121.31601766368755,1,0,324990.0
2021-12-02,8707.6,324990.0,0.0,0,0.4,0.0,202.57668787736125,1,0,324990.0
2021-12-03,9028.8,324990.0,0.0,0,0.4,0.0,1002.4750199926873,1,0,324990.0
2021-12-06,9347.8,324990.0,0.0,0,0.4,0.0,1341.2365577056214,1,0,324990.0
2021-12-07,10383.4,324990.0,0.0,0,0.3,0.0,1286.4201274688664,1,0,324990.0
2021-12-08,11115.0,324990.0,0.0,0,0.2,401.73940739982476,181.3023920115499,1,0,324990.0
2021-12-09,11871.6,324990.0,0.0,0,0.1,1414.761890928569,0.0,1,0,324990.0
2021-12-10,11338.6,324990.0,0.0,0,0.1,2692.008462650926,0.0,1,0,324990.0
2021-12-13,11083.0,324990.0,0.0,0,0.1,3153.1821435289953,0.0,1,0,324990.0
2021-12-14,10210.2,324990.0,0.0,0,0.2,3110.6127524505114,0.0,1,0,324990.0
2021-12-15,9318.0,324990.0,0.0,0,0.3,2136.312552871086,133.756943277713,1,0,324990.0
2021-12-16,9432.2,324990.0,0.0,0,0.3,269.8680139280207,1151.2552614775054,1,0,324990.0
2021-12-17,8811.0,324990.0,0.0,0,0.4,0.0,1850.8599521695023,1,0,324990.0
2021-12-20,8580.2,324990.0,0.0,0,0.4,0.0,2753.707852315123,1,0,324990.0
2021-12-21,8631.6,324990.0,0.0,0,0.4,0.0,3457.7651477813033,1,0,324990.0
2021-12-22,8615.0,324990.0,0.0,0,0.4,0.0,3803.398108595034,1,0,324990.0
2021-12-23,8555.6,324990.0,0.0,0,0.4,0.0,3971.2773677357936,1,0,324990.0
2021-12-24,7826.0,324990.0,0.0,0,0.5,0.0,4079.7087039129565,1,0,324990.0
2021-12-27,7788.0,324990.0,0.0,0,0.5,0.0,4654.182386043557,1,0,324990.0
2021-12-28,7850.0,325650.0,0.002030831717898973,10,0.5,0.0,0.0,0,1,159390.0
2021-12-29,7782.0,325900.0,0.000767695378473876,0,0.5,0.0,206.29056657389816,1,0,325900.0
2021-12-30,7842.0,325900.0,0.0,0,0.5,0.0,362.4797999844115,1,0,325900.0
2021-12-31,7858.0,325900.0,0.0,0,0.5,0.0,369.49858811458006,1,0,325900.0
2022-01-04,7582.0,325900.0,0.0,0,0.5,0.0,301.3175822180908,1,0,325900.0
2022-01-05,7275.0,325900.0,0.0,0,0.5,0.0,460.9194004856787,1,0,325900.0
2022-01-06,7206.0,325900.0,0.0,0,0.5,0.0,789.7205976316667,1,0,325900.0
2022-01-07,8311.6,325900.0,0.0,0,0.4,0.0,1070.6722081360344,1,0,325900.0
2022-01-10,8303.2,325900.0,0.0,0,0.4,428.0389133673609,263.111121503395,1,0,325900.0
2022-01-11,9250.8,325900.0,0.0,0,0.3,740.401772050595,0.0,1,0,325900.0
2022-01-12,10141.4,325900.0,0.0,0,0.2,1662.4076053839467,0.0,1,0,325900.0
2022-01-13,10982.2,325900.0,0.0,0,0.1,2965.80742380186,0.0,1,0,325900.0
2022-01-14,10885.6,325900.0,0.0,0,0.1,4456.093550584393,0.0,1,0,325900.0
2022-01-17,11728.0,325900.0,0.0,0,-0.0,5325.362149359158,0.0,1,0,325900.0
2022-01-18,12830.6,325900.0,0.0,0,-0.1,6432.376898004502,0.0,1,0,325900.0
2022-01-19,12969.4,325900.0,0.0,0,-0.1,7916.391884992024,0.0,1,0,325900.0
2022-01-20,13211.6,325900.0,0.0,0,-0.1,8949.885257516158,0.0,1,0,325900.0
2022-01-21,12424.0,325900.0,0.0,0,-0.0,9738.835758776198,0.0,1,0,325900.0
2022-01-24,11321.4,325900.0,0.0,0,0.1,9537.772531143499,0.0,1,0,325900.0
2022-01-25,11172.8,325900.0,0.0,0,0.1,8216.840098577472,427.86756743397274,1,0,325900.0
2022-01-26,11206.2,325900.0,0.0,0,0.1,6739.314717694979,1078.3993294086254,1,0,325900.0
2022-01-27,11292.4,325900.0,0.0,0,0.1,5332.863274779956,1584.119315065028,1,0,325900.0
2022-01-28,11494.4,325900.0,0.0,0,0.1,4233.649540847086,1785.1912954178683,1,0,325900.0
2022-02-07,10553.6,325900.0,0.0,0,0.2,3604.880084645102,1631.2789820730254,1,0,325900.0
2022-02-08,9294.0,325900.0,0.0,0,0.3,2527.6213648629605,2151.0488337194547,1,0,325900.0
2022-02-09,9085.8,325900.0,0.0,0,0.3,531.9367685566964,3377.3070945560485,1,0,325900.0
2022-02-10,10038.0,325900.0,0.0,0,0.2,0.0,4378.187992897274,1,0,325900.0
2022-02-11,9982.2,325900.0,0.0,0,0.2,0.0,4274.406350627824,1,0,325900.0
2022-02-14,10009.2,325900.0,0.0,0,0.2,0.0,4079.259386784101,1,0,325900.0
2022-02-15,9926.0,325900.0,0.0,0,0.2,0.0,3735.0672404693582,1,0,325900.0
2022-02-16,9941.6,325900.0,0.0,0,0.2,0.0,3402.70261049351,1,0,325900.0
2022-02-17,9861.8,325900.0,0.0,0,0.2,0.0,3019.0648292852948,1,0,325900.0
2022-02-18,9913.8,325900.0,0.0,0,0.2,0.0,2824.5167632561274,1,0,325900.0
2022-02-21,10277.6,330028.0,0.012666462104940157,10,0.2,0.0,0.0,0,3,186788.0
2022-02-22,10387.8,331130.0,0.003339110620917074,10,0.2,221.89752239911058,0.0,1,3,186788.0
2022-02-23,9488.2,332430.0,0.003925950533023359,10,0.3,462.53731406599013,0.0,2,3,186788.0
2022-02-24,10105.8,332504.0,0.00022260325482048593,0,0.3,0.0,335.73012565994946,3,0,332504.0
2022-02-25,7772.0,332504.0,0.0,0,0.5,0.0,77.9202052035088,3,0,332504.0
2022-02-28,7465.0,332504.0,0.0,0,0.5,0.0,1545.2317273398946,3,0,332504.0
2022-03-01,7651.0,332504.0,0.0,0,0.5,0.0,2815.9699212432956,3,0,332504.0
2022-03-02,6528.400000000001,332504.0,0.0,0,0.6,0.0,3518.310505685903,3,0,332504.0
2022-03-03,6708.6,332504.0,0.0,0,0.6,0.0,4730.198265753053,3,0,332504.0
2022-03-04,5472.400000000001,332504.0,0.0,0,0.7,0.0,5306.573219596722,3,0,332504.0
2022-03-07,5717.000000000001,332504.0,0.0,0,0.7,0.0,6499.263650802456,3,0,332504.0
2022-03-08,5805.200000000001,332504.0,0.0,0,0.7,0.0,7079.71476522358,3,0,332504.0
2022-03-09,4695.6,332504.0,0.0,0,0.8,0.0,7322.199767704821,3,0,332504.0
2022-03-10,4512.799999999999,332504.0,0.0,0,0.8,0.0,8228.002503927617,3,0,332504.0
2022-03-11,3391.0,332504.0,0.0,0,0.9,0.0,8933.419666741573,3,0,332504.0
2022-03-14,3308.199999999999,332504.0,0.0,0,0.9,0.0,10189.160844090267,3,0,332504.0
2022-03-15,3185.0,332504.0,0.0,0,0.9,0.0,11059.339288098754,3,0,332504.0
2022-03-16,2230.0,332504.0,0.0,0,1.0,0.0,11689.215107510174,3,0,332504.0
2022-03-17,1057.5999999999985,332504.0,0.0,0,1.1,0.0,12737.975651892293,3,0,332504.0
2022-03-18,198.8000000000011,332504.0,0.0,0,1.2,0.0,14247.090956088754,3,0,332504.0
2022-03-21,324.0,332504.0,0.0,0,1.2,0.0,15855.968099158967,3,0,332504.0
2022-03-22,129.39999999999964,332504.0,0.0,0,1.2,0.0,16780.30573986296,3,0,332504.0
2022-03-23,-771.6000000000004,333366.0,0.002592450015638903,10,1.3,0.0,0.0,0,1,81708.0
2022-03-24,-580.3999999999996,332900.0,-0.0013978630094251265,0,1.3,0.0,995.2748457128761,1,0,332900.0
2022-03-25,-502.60000000000036,332900.0,0.0,0,1.3,0.0,1435.940236306576,1,0,332900.0
2022-03-28,-443.0,332900.0,0.0,0,1.3,0.0,1597.5940974851267,1,0,332900.0
2022-03-29,452.60000000000036,332900.0,0.0,0,1.2,0.0,1586.1091706512223,1,0,332900.0
2022-03-30,450.39999999999964,332900.0,0.0,0,1.2,407.21739073663235,690.5265613878537,1,0,332900.0
2022-03-31,1413.5999999999985,332900.0,0.0,0,1.1,782.0351046578007,0.0,1,0,332900.0
2022-04-01,2542.0,332900.0,0.0,0,1.0,1795.6904707526824,0.0,1,0,332900.0
2022-04-06,3603.0,332900.0,0.0,0,0.9,3281.84717247994,0.0,1,0,332900.0
2022-04-07,3458.199999999999,332900.0,0.0,0,0.9,5041.171738704397,0.0,1,0,332900.0
2022-04-08,3346.6000000000004,332900.0,0.0,0,0.9,6064.319724450435,0.0,1,0,332900.0
2022-04-11,3095.199999999999,332900.0,0.0,0,0.9,6531.390325679987,0.0,1,0,332900.0
2022-04-12,3240.7999999999993,332900.0,0.0,0,0.9,6470.7805710063785,0.0,1,0,332900.0
2022-04-13,4383.799999999999,332900.0,0.0,0,0.8,6374.0491727158105,0.0,1,0,332900.0
2022-04-14,4477.6,331992.0,-0.0027275458095523675,-10,0.8,0.0,0.0,0,1,117768.0
2022-04-15,3545.199999999999,331912.0,-0.0002409696619195545,0,0.9,543.6372743741965,0.0,1,0,331912.0
2022-04-18,3483.6000000000004,331912.0,0.0,0,0.9,162.43768189168918,0.0,1,0,331912.0
2022-04-19,3430.0,331912.0,0.0,0,0.9,0.0,0.0,1,0,331912.0
2022-04-20,2413.0,331912.0,0.0,0,1.0,0.0,0.0,1,0,331912.0
2022-04-21,3521.7999999999993,331912.0,0.0,0,0.9,0.0,803.4858896662495,1,0,331912.0
2022-04-22,3503.199999999999,331912.0,0.0,0,0.9,0.0,545.2667204605102,1,0,331912.0
2022-04-25,3562.199999999999,331912.0,0.0,0,0.9,0.0,225.32664827995387,1,0,331912.0
2022-04-26,3600.0,331912.0,0.0,0,0.9,2.9155128241325485,0.0,1,0,331912.0
2022-04-27,2454.0,331912.0,0.0,0,1.0,33.429454152678204,0.0,1,0,331912.0
2022-04-28,2528.0,331912.0,0.0,0,1.0,0.0,490.75479525782254,1,0,331912.0
2022-04-29,2469.0,331912.0,0.0,0,1.0,0.0,755.9117906908787,1,0,331912.0
2022-05-05,2354.0,331912.0,0.0,0,1.0,0.0,1093.3150595921911,1,0,331912.0
2022-05-06,2427.0,331912.0,0.0,0,1.0,0.0,1367.1934685332121,1,0,331912.0
2022-05-09,2427.0,331912.0,0.0,0,1.0,0.0,1432.6894472270346,1,0,331912.0
2022-05-10,2499.0,331912.0,0.0,0,1.0,0.0,1393.9345994450805,1,0,331912.0
2022-05-11,2428.0,331372.0,-0.0016269372604786891,10,1.0,0.0,0.0,0,1,87132.0
2022-05-12,2356.0,331492.0,0.0003621307774948068,0,1.0,0.0,0.0,1,0,331492.0
2022-05-13,2343.0,331492.0,0.0,0,1.0,0.0,40.087401587958766,1,0,331492.0
2022-05-16,2159.0,331492.0,0.0,0,1.0,0.0,73.67585067232432,1,0,331492.0
2022-05-17,2099.0,331492.0,0.0,0,1.0,0.0,237.05366348311216,1,0,331492.0
2022-05-18,2094.0,331492.0,0.0,0,1.0,0.0,394.31010522400004,1,0,331492.0
2022-05-19,2171.0,331492.0,0.0,0,1.0,0.0,500.8343638549723,1,0,331492.0
2022-05-20,2092.0,331492.0,0.0,0,1.0,0.0,497.2968398950119,1,0,331492.0
2022-05-23,2042.0,331492.0,0.0,0,1.0,0.0,535.5106080132836,1,0,331492.0
2022-05-24,2060.0,331492.0,0.0,0,1.0,0.0,587.1324073901676,1,0,331492.0
2022-05-25,2056.0,331752.0,0.0007843326535783568,10,1.0,0.0,0.0,0,1,80192.0
2022-05-26,3244.0,331722.0,-9.04289951529913e-05,0,0.9,0.0,10.319749251062497,1,0,331722.0
2022-05-27,5730.0,331722.0,0.0,0,0.7,772.8122783174845,0.0,1,0,331722.0
2022-05-30,5862.200000000001,331722.0,0.0,0,0.7,3044.449904656215,0.0,1,0,331722.0
2022-05-31,7022.400000000001,331722.0,0.0,0,0.6,4728.284237889403,0.0,1,0,331722.0
2022-06-01,5861.800000000001,331722.0,0.0,0,0.7,6677.02878157592,0.0,1,0,331722.0
2022-06-02,5894.0,331722.0,0.0,0,0.7,6968.64975636768,0.0,1,0,331722.0
2022-06-06,5757.800000000001,331722.0,0.0,0,0.7,6886.6607251006235,0.0,1,0,331722.0
2022-06-07,5825.4,331722.0,0.0,0,0.7,6448.4864111288925,0.0,1,0,331722.0
2022-06-08,4746.4,330374.0,-0.004063643653420601,-10,0.8,0.0,0.0,0,1,105960.0
2022-06-09,4823.799999999999,330692.0,0.0009625454787605126,0,0.8,0.0,777.0809864934021,1,0,330692.0
2022-06-10,3750.6000000000004,330692.0,0.0,0,0.9,0.0,1275.447276889537,1,0,330692.0
2022-06-13,3764.7999999999993,330692.0,0.0,0,0.9,0.0,2350.648689569425,1,0,330692.0
2022-06-14,2580.0,330692.0,0.0,0,1.0,0.0,3057.4894407061474,1,0,330692.0
2022-06-15,2408.0,330692.0,0.0,0,1.0,0.0,4354.101587822502,1,0,330692.0
2022-06-16,2327.0,330692.0,0.0,0,1.0,0.0,5311.364938557947,1,0,330692.0
2022-06-17,2213.0,330692.0,0.0,0,1.0,0.0,5935.832788424094,1,0,330692.0
2022-06-20,2287.0,330692.0,0.0,0,1.0,0.0,6348.124891114343,1,0,330692.0
2022-06-21,1214.3999999999996,330692.0,0.0,0,1.1,0.0,6477.548597169929,1,0,330692.0
2022-06-22,1345.7999999999993,330692.0,0.0,0,1.1,0.0,7288.496727784638,1,0,330692.0
2022-06-23,1239.199999999999,328746.0,-0.005884629806587438,10,1.1,0.0,0.0,0,1,93010.0
2022-06-24,880.1999999999989,328386.0,-0.0010950703582705001,0,1.1,0.0,342.09218947510345,1,0,328386.0
2022-06-27,631.3999999999996,328386.0,0.0,0,1.1,0.0,801.2506515733253,1,0,328386.0
2022-06-28,-284.7999999999993,328386.0,0.0,0,1.2,0.0,1257.0509914158893,1,0,328386.0
2022-06-29,-222.1999999999989,328386.0,0.0,0,1.2,0.0,2195.7589400432885,1,0,328386.0
2022-06-30,-283.0,328386.0,0.0,0,1.2,0.0,2760.9428587363445,1,0,328386.0
2022-07-01,-45.19999999999891,328386.0,0.0,0,1.2,0.0,3152.947977969793,1,0,328386.0
2022-07-04,-115.0,328386.0,0.0,0,1.2,0.0,3155.7465201725327,1,0,328386.0
2022-07-05,2.2000000000007276,328386.0,0.0,0,1.2,0.0,3113.40401169598,1,0,328386.0
2022-07-06,-154.79999999999927,328386.0,0.0,0,1.2,0.0,2906.5242520354877,1,0,328386.0
2022-07-07,-343.1999999999989,326878.0,-0.004592156791093371,10,1.2,0.0,0.0,0,2,114262.0
2022-07-08,-1171.2000000000007,327772.0,0.0027349653387502837,10,1.3,0.0,114.77845979178288,1,2,114262.0
2022-07-11,-1202.2000000000007,327800.0,8.54252346143003e-05,0,1.3,0.0,783.2042228244974,2,0,327800.0
2022-07-12,-1274.3999999999996,327800.0,0.0,0,1.3,0.0,1289.4013787737651,2,0,327800.0
2022-07-13,-861.0,327800.0,0.0,0,1.3,0.0,1666.37558721519,2,0,327800.0
2022-07-14,-754.6000000000004,327800.0,0.0,0,1.3,0.0,1542.6981585995254,2,0,327800.0
2022-07-15,-817.0,327800.0,0.0,0,1.3,0.0,1255.1881628028411,2,0,327800.0
2022-07-18,-998.0,327800.0,0.0,0,1.3,0.0,990.9201226488316,2,0,327800.0
2022-07-19,-1248.800000000001,327800.0,0.0,0,1.3,0.0,874.1089263426406,2,0,327800.0
2022-07-20,-1285.6000000000004,327800.0,0.0,0,1.3,0.0,991.147143787147,2,0,327800.0
2022-07-21,-1083.800000000001,327800.0,0.0,0,1.3,0.0,1126.4272632039037,2,0,327800.0
2022-07-22,-840.6000000000004,327800.0,0.0,0,1.3,0.0,1098.5367273570055,2,0,327800.0
2022-07-25,-706.6000000000004,327800.0,0.0,0,1.3,57.489668062818694,829.1121097055384,2,0,327800.0
2022-07-26,-806.3999999999996,327800.0,0.0,0,1.3,237.14274381523086,427.5651854579503,2,0,327800.0
2022-07-27,-627.8000000000011,327800.0,0.0,0,1.3,314.74851574866153,126.59952881995092,2,0,327800.0
2022-07-28,142.0,327800.0,0.0,0,1.2,498.2358294151111,0.0,2,0,327800.0
2022-07-29,-8.399999999999636,327800.0,0.0,0,1.2,1158.7105584824972,0.0,2,0,327800.0
2022-08-01,-65.0,327800.0,0.0,0,1.2,1484.9442538407409,0.0,2,0,327800.0
2022-08-02,158.0,327800.0,0.0,0,1.2,1625.6316333449536,0.0,2,0,327800.0
2022-08-03,-27.0,327800.0,0.0,0,1.2,1845.9737545173466,0.0,2,0,327800.0
2022-08-04,200.20000000000073,327800.0,0.0,0,1.2,1804.206250820722,0.0,2,0,327800.0
2022-08-05,1175.199999999999,327800.0,0.0,0,1.1,1896.007949443113,0.0,2,0,327800.0
2022-08-08,1042.3999999999996,327800.0,0.0,0,1.1,2630.477345834506,0.0,2,0,327800.0
2022-08-09,49.20000000000073,327800.0,0.0,0,1.2,3056.06401402791,0.0,2,0,327800.0
2022-08-10,340.2000000000007,327800.0,0.0,0,1.2,2483.3165553553727,52.56682704174642,2,0,327800.0
2022-08-11,-472.60000000000036,327800.0,0.0,0,1.3,2160.6744337526,0.0,2,0,327800.0
2022-08-12,-1425.0,327800.0,0.0,0,1.4,1063.3683926074743,507.2082445691606,2,0,327800.0
2022-08-15,-1516.0,327800.0,0.0,0,1.4,0.0,1616.7248425164555,2,0,327800.0
2022-08-16,-3336.0,327800.0,0.0,0,1.5,0.0,2475.696112885091,2,0,327800.0
2022-08-17,-2443.0,327800.0,0.0,0,1.4,0.0,4320.401853776982,2,0,327800.0
2022-08-18,-2403.3999999999996,327800.0,0.0,0,1.4,0.0,4838.1995170524915,2,0,327800.0
2022-08-19,-2487.3999999999996,327800.0,0.0,0,1.4,0.0,5006.384131612149,2,0,327800.0
2022-08-22,-1664.800000000001,327800.0,0.0,0,1.3,0.0,5012.904964991191,2,0,327800.0
2022-08-23,-1619.6000000000004,327800.0,0.0,0,1.3,174.26773727752953,4152.315559411581,2,0,327800.0
2022-08-24,-618.0,327800.0,0.0,0,1.2,437.84450014156977,3235.0351794184785,2,0,327800.0
2022-08-25,353.39999999999964,327800.0,0.0,0,1.1,1468.4953127400613,1338.2002777312555,2,0,327800.0
2022-08-26,277.1999999999989,327800.0,0.0,0,1.1,2839.8515642696525,0.0,2,0,327800.0
2022-08-29,104.79999999999927,327800.0,0.0,0,1.1,3690.701710027325,0.0,2,0,327800.0
2022-08-30,1193.0,327800.0,0.0,0,1.0,4040.208694600344,0.0,2,0,327800.0
2022-08-31,2181.7999999999993,327800.0,0.0,0,0.9,4980.735330748911,0.0,2,0,327800.0
2022-09-01,4010.2000000000007,327800.0,0.0,0,0.7,6286.050069105715,0.0,2,0,327800.0
2022-09-02,3046.2,327800.0,0.0,0,0.8,8438.693874777635,0.0,2,0,327800.0
2022-09-05,2143.0,327800.0,0.0,0,0.9,9127.432459596423,0.0,2,0,327800.0
2022-09-06,218.1999999999989,327800.0,0.0,0,1.1,8705.276572670264,0.0,2,0,327800.0
2022-09-07,-1631.6000000000004,327800.0,0.0,0,1.3,6361.26704944358,904.5047624876036,2,0,327800.0
2022-09-08,-4314.0,327800.0,0.0,0,1.6,2198.696665898737,3193.9343789427608,2,0,327800.0
2022-09-09,-4256.6,327800.0,0.0,0,1.6,0.0,6851.215051516833,2,0,327800.0
2022-09-13,-4534.800000000001,327800.0,0.0,0,1.6,0.0,9296.409444002122,2,0,327800.0
2022-09-14,-4542.4000000000015,327800.0,0.0,0,1.6,0.0,10898.400681526116,2,0,327800.0
2022-09-15,-4422.4000000000015,327800.0,0.0,0,1.6,0.0,11664.689218444244,2,0,327800.0
2022-09-16,-4323.0,327800.0,0.0,0,1.6,0.0,11787.751883731282,2,0,327800.0
2022-09-19,-4339.0,327800.0,0.0,0,1.6,0.0,11581.351401008124,2,0,327800.0
2022-09-20,-4266.200000000001,328632.0,0.002538133007931709,10,1.6,0.0,0.0,0,8,80286.0
2022-09-21,-3423.0,327806.0,-0.0025134496944910767,10,1.5,57.71869720571016,0.0,1,8,80286.0
2022-09-22,-3288.0,329194.0,0.004234211698382673,10,1.5,706.2974846797024,0.0,2,8,80286.0
2022-09-23,-2183.5999999999985,331210.0,0.006124048433446605,10,1.4,1250.4106535220844,0.0,3,8,80286.0
2022-09-26,-1172.3999999999996,333146.0,0.005845234141481193,10,1.3,2399.400966415261,0.0,4,8,80286.0
2022-09-27,807.1999999999989,335026.0,0.005643171462361929,10,1.1,3904.9076680665157,0.0,5,8,80286.0
2022-09-28,2831.3999999999996,338050.0,0.009026165133452224,10,0.9,6334.299207999191,0.0,6,8,80286.0
2022-09-29,3725.2,337298.0,-0.002224522999556333,10,0.8,9415.477395457114,0.0,7,8,80286.0
2022-09-30,4824.200000000001,337246.0,-0.00015416634548681696,0,0.7,12080.990976672205,0.0,8,0,337246.0
2022-10-10,5592.8,337246.0,0.0,0,0.6,14553.52828343797,0.0,8,0,337246.0
2022-10-11,5523.8,337246.0,0.0,0,0.6,16592.387152445586,0.0,8,0,337246.0
2022-10-12,5518.400000000001,337246.0,0.0,0,0.6,17679.55225318794,0.0,8,0,337246.0
2022-10-13,5597.2,337246.0,0.0,0,0.6,18181.720385539604,0.0,8,0,337246.0
2022-10-14,5541.400000000001,337842.0,0.0017672559496628715,-10,0.6,0.0,0.0,0,1,168916.0
2022-10-17,6341.0,338296.0,0.0013438234440952268,0,0.5,1.7902739512213088,0.0,1,0,338296.0
2022-10-18,6448.0,338296.0,0.0,0,0.5,560.5255316965101,0.0,1,0,338296.0
2022-10-19,6588.0,338296.0,0.0,0,0.5,1007.823913751376,0.0,1,0,338296.0
2022-10-20,5495.6,338296.0,0.0,0,0.6,1411.8397406695713,0.0,1,0,338296.0
2022-10-21,4429.200000000001,338296.0,0.0,0,0.7,725.4713036635976,188.031562994026,1,0,338296.0
2022-10-24,4358.400000000001,338296.0,0.0,0,0.7,0.0,1159.1118146832378,1,0,338296.0
2022-10-25,3420.0,338296.0,0.0,0,0.8,0.0,1936.765259575241,1,0,338296.0
2022-10-26,3539.7999999999993,338296.0,0.0,0,0.8,0.0,3192.1772372640107,1,0,338296.0
2022-10-27,2659.3999999999996,338296.0,0.0,0,0.9,0.0,3898.869371567267,1,0,338296.0
2022-10-28,2717.3999999999996,338296.0,0.0,0,0.9,0.0,4927.327201862763,1,0,338296.0
2022-10-31,3518.3999999999996,338296.0,0.0,0,0.8,0.0,5501.719175030599,1,0,338296.0
2022-11-01,3705.3999999999996,338296.0,0.0,0,0.8,0.0,5154.599405257091,1,0,338296.0
2022-11-02,2682.7999999999993,338296.0,0.0,0,0.9,0.0,4573.327215557771,1,0,338296.0
2022-11-03,2615.0,338296.0,0.0,0,0.9,0.0,4834.513717089325,1,0,338296.0
2022-11-04,2842.3999999999996,338296.0,0.0,0,0.9,0.0,5034.206442757435,1,0,338296.0
2022-11-07,2970.6000000000004,338296.0,0.0,0,0.9,0.0,4928.735873545476,1,0,338296.0
2022-11-08,3086.7999999999993,338296.0,0.0,0,0.9,0.0,4749.506278202755,1,0,338296.0
2022-11-09,3261.7999999999993,338296.0,0.0,0,0.9,0.0,4516.4443527378735,1,0,338296.0
2022-11-10,3439.3999999999996,338296.0,0.0,0,0.9,50.69318297246983,4090.6232499960583,1,0,338296.0
2022-11-11,3315.0,338296.0,0.0,0,0.9,354.24151355428745,3486.4572948635896,1,0,338296.0
2022-11-14,4394.0,338296.0,0.0,0,0.8,448.75584983207114,3102.6859168556584,1,0,338296.0
2022-11-15,6361.0,338296.0,0.0,0,0.6,1256.581352012063,1782.5114190356503,1,0,338296.0
2022-11-16,8031.799999999999,338296.0,0.0,0,0.4,3180.9248032107153,0.0,1,0,338296.0
2022-11-17,9999.2,338296.0,0.0,0,0.2,5699.920305183674,0.0,1,0,338296.0
2022-11-18,12565.2,338296.0,0.0,0,-0.1,8823.123571194501,0.0,1,0,338296.0
2022-11-21,13947.6,338296.0,0.0,0,-0.3,12755.725264522249,0.0,1,0,338296.0
2022-11-22,13851.6,338296.0,0.0,0,-0.3,16320.825157509164,0.0,1,0,338296.0
2022-11-23,12902.6,338296.0,0.0,0,-0.2,18407.012824906946,0.0,1,0,338296.0
2022-11-24,13005.6,338296.0,0.0,0,-0.2,18713.252178722072,0.0,1,0,338296.0
2022-11-25,11926.2,338296.0,0.0,0,-0.1,18574.277207916704,0.0,1,0,338296.0
2022-11-28,12006.8,338296.0,0.0,0,-0.1,17228.144159808886,0.8955233207514084,1,0,338296.0
2022-11-29,11169.0,338296.0,0.0,0,-0.0,15946.814536334932,478.99447127537474,1,0,338296.0
2022-11-30,11281.0,338296.0,0.0,0,-0.0,13910.780258479579,1479.07447913431,1,0,338296.0
2022-12-01,11090.0,338296.0,0.0,0,-0.0,12393.586470864964,2012.1092629482664,1,0,338296.0
2022-12-02,11121.0,338296.0,0.0,0,-0.0,11173.430176221409,2435.152968304712,1,0,338296.0
2022-12-05,11031.0,338296.0,0.0,0,0.0,10283.681746639784,2617.5759672945164,1,0,338296.0
2022-12-06,10103.8,338296.0,0.0,0,0.1,9733.694117561401,2755.5883382161337,1,0,338296.0
2022-12-07,9089.6,339492.0,0.003535365478752439,-10,0.2,0.0,0.0,0,1,218420.0
2022-12-08,8269.6,339272.0,-0.0006480270521838083,0,0.3,0.0,1202.870282769602,1,0,339272.0
2022-12-09,8414.4,339272.0,0.0,0,0.3,0.0,2624.70460974494,1,0,339272.0
2022-12-12,9239.2,339272.0,0.0,0,0.2,0.0,3447.29269313739,1,0,339272.0
2022-12-13,8549.0,339272.0,0.0,0,0.3,0.0,3234.060508344534,1,0,339272.0
2022-12-14,7768.8,339272.0,0.0,0,0.3,0.0,3424.2261558529485,1,0,339272.0
2022-12-15,6108.0,339272.0,0.0,0,0.5,0.0,4048.301957851623,1,0,339272.0
2022-12-16,4250.8,339272.0,0.0,0,0.7,0.0,5621.168667069259,1,0,339272.0
2022-12-19,2450.8,339272.0,0.0,0,0.9,0.0,8015.732251592422,1,0,339272.0
2022-12-20,792.1999999999989,339272.0,0.0,0,1.1,0.0,10983.835724423709,1,0,339272.0
2022-12-21,-47.399999999999636,339272.0,0.0,0,1.2,0.0,14181.658435593758,1,0,339272.0
2022-12-22,78.80000000000109,339272.0,0.0,0,1.2,0.0,16813.579972914864,1,0,339272.0
2022-12-23,203.8000000000011,339272.0,0.0,0,1.2,0.0,18251.935442554262,1,0,339272.0
2022-12-26,35.20000000000073,339272.0,0.0,0,1.2,0.0,18822.26291247361,1,0,339272.0
2022-12-27,52.20000000000073,339272.0,0.0,0,1.2,0.0,19076.104702047698,1,0,339272.0
2022-12-28,945.1999999999989,339518.0,0.000725081940154304,10,1.1,0.0,0.0,0,1,126840.0
2022-12-29,988.3999999999996,339540.0,6.479774268219884e-05,0,1.1,450.0090604865433,0.0,1,0,339540.0
2022-12-30,949.0,339540.0,0.0,0,1.1,892.7595793287053,0.0,1,0,339540.0
2023-01-03,1829.0,339540.0,0.0,0,1.0,1143.3555526115083,0.0,1,0,339540.0
2023-01-04,1837.0,339540.0,0.0,0,1.0,1929.4011330596009,0.0,1,0,339540.0
2023-01-05,1700.0,339540.0,0.0,0,1.0,2453.0369038307394,0.0,1,0,339540.0
2023-01-06,1653.0,339540.0,0.0,0,1.0,2641.8785231901857,0.0,1,0,339540.0
2023-01-09,1598.0,339540.0,0.0,0,1.0,2665.577235563596,0.0,1,0,339540.0
2023-01-10,1601.0,339540.0,0.0,0,1.0,2566.5379418858456,0.0,1,0,339540.0
2023-01-11,1599.0,339540.0,0.0,0,1.0,2421.54978505033,0.0,1,0,339540.0
2023-01-12,1507.0,340360.0,0.0024150321022560206,-10,1.0,0.0,0.0,0,1,152850.0
2023-01-13,511.59999999999854,340550.0,0.0005582324597483979,0,1.1,0.0,83.0208619685319,1,0,340550.0
2023-01-16,505.0,340550.0,0.0,0,1.1,0.0,814.617697234155,1,0,340550.0
2023-01-17,-321.60000000000036,340550.0,0.0,0,1.2,0.0,1326.5291678162062,1,0,340550.0
2023-01-18,-431.1999999999989,340550.0,0.0,0,1.2,0.0,2262.7267201505656,1,0,340550.0
2023-01-19,-554.1999999999989,340550.0,0.0,0,1.2,0.0,2963.050904475024,1,0,340550.0
2023-01-20,-569.6000000000004,340550.0,0.0,0,1.2,0.0,3471.8657829771623,1,0,340550.0
2023-01-30,-672.3999999999996,340550.0,0.0,0,1.2,0.0,3743.9718688244266,1,0,340550.0
2023-01-31,1093.0,340550.0,0.0,0,1.0,0.0,3942.9679902833554,1,0,340550.0
2023-02-01,2051.3999999999996,340550.0,0.0,0,0.9,893.8485971239246,2379.102301692995,1,0,340550.0
2023-02-02,2839.7999999999993,340550.0,0.0,0,0.8,2330.8321128162384,0.0,1,0,340550.0
2023-02-03,2990.2,340550.0,0.0,0,0.8,3905.9133432893414,0.0,1,0,340550.0
2023-02-06,3011.3999999999996,340550.0,0.0,0,0.8,5050.813275000167,0.0,1,0,340550.0
2023-02-07,2906.5999999999995,340550.0,0.0,0,0.8,5716.935864082901,0.0,1,0,340550.0
2023-02-08,2856.5999999999995,340550.0,0.0,0,0.8,5900.168228794485,0.0,1,0,340550.0
2023-02-09,2885.3999999999996,340550.0,0.0,0,0.8,5862.855085149436,0.0,1,0,340550.0
2023-02-10,2857.7999999999993,340966.0,0.001221553369549211,-10,0.8,0.0,0.0,0,1,171364.0
2023-02-13,2063.5999999999995,340874.0,-0.0002698216244434448,0,0.9,0.0,15.015856719145546,1,0,340874.0
2023-02-14,-1419.0,340874.0,0.0,0,1.3,0.0,583.0119187985792,1,0,340874.0
2023-02-15,-2281.5999999999985,340874.0,0.0,0,1.4,0.0,3361.8703625864714,1,0,340874.0
2023-02-16,-2323.199999999999,340874.0,0.0,0,1.4,0.0,5923.05030269449,1,0,340874.0
2023-02-17,-1536.3999999999996,340874.0,0.0,0,1.3,0.0,7643.273969108392,1,0,340874.0
2023-02-20,1062.0,340874.0,0.0,0,1.0,0.0,7994.9408889148435,1,0,340874.0
2023-02-21,3760.4000000000005,340874.0,0.0,0,0.7,203.76035203850574,5624.1869552390635,1,0,340874.0
2023-02-22,6395.0,340874.0,0.0,0,0.4,2862.577090857757,569.5751226297427,1,0,340874.0
2023-02-23,8087.2,340874.0,0.0,0,0.2,7036.704146227007,0.0,1,0,340874.0
2023-02-24,8982.0,340874.0,0.0,0,0.1,11104.715777014602,0.0,1,0,340874.0
2023-02-27,9835.0,340874.0,0.0,0,0.0,14317.144102515867,0.0,1,0,340874.0
2023-02-28,8948.2,340874.0,0.0,0,0.1,16783.64378493489,0.0,1,0,340874.0
2023-03-01,8960.6,340874.0,0.0,0,0.1,17393.434718502725,0.0,1,0,340874.0
2023-03-02,8174.6,340874.0,0.0,0,0.2,17449.439868418525,0.0,1,0,340874.0
2023-03-03,7353.0,339878.0,-0.0029219007609849745,-10,0.3,0.0,0.0,0,1,223748.0
2023-03-06,7164.4,340090.0,0.0006237532290997994,0,0.3,0.0,863.0158694274162,1,0,340090.0
2023-03-07,6215.2,340090.0,0.0,0,0.4,0.0,1702.4514991568362,1,0,340090.0
2023-03-08,6166.6,340090.0,0.0,0,0.4,0.0,2952.379758007951,1,0,340090.0
2023-03-09,6064.799999999999,340090.0,0.0,0,0.4,0.0,3769.65310727365,1,0,340090.0
2023-03-10,4947.0,340090.0,0.0,0,0.5,0.0,4307.064377155814,1,0,340090.0
2023-03-13,3201.2000000000007,340090.0,0.0,0,0.7,0.0,5414.65762433089,1,0,340090.0
2023-03-14,1595.0,340090.0,0.0,0,0.9,0.0,7376.752478117256,1,0,340090.0
2023-03-15,-189.0,340090.0,0.0,0,1.1,0.0,9843.441336170385,1,0,340090.0
2023-03-16,-1837.800000000001,340090.0,0.0,0,1.3,0.0,12762.199668018271,1,0,340090.0
2023-03-17,-2623.7999999999993,340090.0,0.0,0,1.4,0.0,15886.548322993294,1,0,340090.0
2023-03-20,-3410.0,340090.0,0.0,0,1.5,0.0,18438.930665963486,1,0,340090.0
2023-03-21,-3520.0,340090.0,0.0,0,1.5,0.0,20524.24455094046,1,0,340090.0
2023-03-22,-3290.0,340090.0,0.0,0,1.5,0.0,21775.48818048168,1,0,340090.0
2023-03-23,-3472.0,340090.0,0.0,0,1.5,0.0,22200.581407433972,1,0,340090.0
2023-03-24,-3474.0,339930.0,-0.00047046370078507316,10,1.5,0.0,0.0,0,1,139830.0
2023-03-27,-3420.0,340270.0,0.0010002059247491424,0,1.5,0.0,67.71831232525733,1,0,340270.0
2023-03-28,-3520.0,340270.0,0.0,0,1.5,0.0,15.190832161287346,1,0,340270.0
2023-03-29,-3600.0,340270.0,0.0,0,1.5,0.0,51.32919879102903,1,0,340270.0
2023-03-30,-3698.0,340270.0,0.0,0,1.5,0.0,131.81729548554262,1,0,340270.0
2023-03-31,-3548.0,340270.0,0.0,0,1.5,0.0,268.5099730698419,1,0,340270.0
2023-04-03,-3759.0,340270.0,0.0,0,1.5,0.0,236.7843682519882,1,0,340270.0
2023-04-04,-3872.0,340270.0,0.0,0,1.5,0.0,361.2315032659014,1,0,340270.0
2023-04-06,-3694.0,340270.0,0.0,0,1.5,0.0,524.8671057693786,1,0,340270.0
2023-04-07,-3638.0,340270.0,0.0,0,1.5,0.0,486.6863377900627,1,0,340270.0
2023-04-10,-3246.0,340270.0,0.0,0,1.5,0.0,384.1178458070571,1,0,340270.0
2023-04-11,-3264.0,340270.0,0.0,0,1.5,290.8712775626535,0.0,1,0,340270.0
2023-04-12,-2608.0,340270.0,0.0,0,1.4,481.2506031436504,0.0,1,0,340270.0
2023-04-13,-2557.3999999999996,340270.0,0.0,0,1.4,1094.2149887594155,0.0,1,0,340270.0
2023-04-14,-2458.5999999999985,340270.0,0.0,0,1.4,1545.1530920166806,0.0,1,0,340270.0
2023-04-17,-1674.0,340270.0,0.0,0,1.3,1892.4728985036927,0.0,1,0,340270.0
2023-04-18,-1748.0,340270.0,0.0,0,1.3,2667.7622405282223,0.0,1,0,340270.0
2023-04-19,-848.7999999999993,340270.0,0.0,0,1.2,3111.256795604021,0.0,1,0,340270.0
2023-04-20,-1.4000000000014552,340270.0,0.0,0,1.1,4030.5295754065182,0.0,1,0,340270.0
2023-04-21,807.0,340270.0,0.0,0,1.0,5239.206410410671,0.0,1,0,340270.0
2023-04-24,1450.8000000000002,340270.0,0.0,0,0.9,6627.374045547741,0.0,1,0,340270.0
2023-04-25,2201.2,340270.0,0.0,0,0.8,7994.88659122871,0.0,1,0,340270.0
2023-04-26,2072.2,340270.0,0.0,0,0.8,9400.890152972834,0.0,1,0,340270.0
2023-04-27,2834.0,340270.0,0.0,0,0.7,10162.301905775901,0.0,1,0,340270.0
2023-04-28,2819.4000000000005,340270.0,0.0,0,0.7,11125.099390077066,0.0,1,0,340270.0
2023-05-04,2804.2000000000007,340270.0,0.0,0,0.7,11676.800968757885,0.0,1,0,340270.0
2023-05-05,2843.8,339960.0,-0.0009110412319628391,-10,0.7,0.0,0.0,0,1,205518.0
2023-05-08,2948.8,339800.0,-0.00047064360513005,0,0.7,140.36481957764892,0.0,1,0,339800.0
2023-05-09,2952.6000000000004,339800.0,0.0,0,0.7,266.3547520575994,0.0,1,0,339800.0
2023-05-10,2981.2000000000007,339800.0,0.0,0,0.7,312.1541658107968,0.0,1,0,339800.0
2023-05-11,2946.8,339800.0,0.0,0,0.7,372.840223116661,0.0,1,0,339800.0
2023-05-12,2873.4000000000005,339800.0,0.0,0,0.7,383.14984849807865,0.0,1,0,339800.0
2023-05-15,2967.8,339800.0,0.0,0,0.7,315.9967742435558,0.5612114597625038,1,0,339800.0
2023-05-16,3009.4000000000005,339800.0,0.0,0,0.7,327.48750782364687,0.0,1,0,339800.0
2023-05-17,2972.4000000000005,339800.0,0.0,0,0.7,361.6096634933297,0.0,1,0,339800.0
2023-05-18,2926.6000000000004,339800.0,0.0,0,0.7,355.14468291160034,0.0,1,0,339800.0
2023-05-19,2987.6000000000004,339800.0,0.0,0,0.7,305.7820078550455,5.323039229160379,1,0,339800.0
2023-05-22,2043.0,339800.0,0.0,0,0.8,316.1446866931537,0.0,1,0,339800.0
2023-05-23,1981.1999999999998,339800.0,0.0,0,0.8,0.0,608.7282532127496,1,0,339800.0
2023-05-24,1386.8000000000002,339800.0,0.0,0,0.9,0.0,1090.937213595892,1,0,339800.0
2023-05-25,1391.3999999999996,339800.0,0.0,0,0.9,0.0,1846.5224271224474,1,0,339800.0
2023-05-26,1338.8000000000002,339800.0,0.0,0,0.9,0.0,2335.819378146637,1,0,339800.0
2023-05-29,1400.8000000000002,339800.0,0.0,0,0.9,0.0,2650.244894857529,1,0,339800.0
2023-05-30,1441.0,339800.0,0.0,0,0.9,0.0,2735.8446155036336,1,0,339800.0
2023-05-31,1367.0,339800.0,0.0,0,0.9,0.0,2711.503069408464,1,0,339800.0
2023-06-01,686.0,339800.0,0.0,0,1.0,0.0,2703.6774219520944,1,0,339800.0
2023-06-02,741.0,339800.0,0.0,0,1.0,0.0,3171.5657245869074,1,0,339800.0
2023-06-05,693.0,339800.0,0.0,0,1.0,0.0,3460.267013854722,1,0,339800.0
2023-06-06,1396.0,339800.0,0.0,0,0.9,0.0,3679.9670486743153,1,0,339800.0
2023-06-07,1371.5999999999995,339800.0,0.0,0,0.9,106.3226958008486,3201.3754587608787,1,0,339800.0
2023-06-08,1354.5999999999995,339800.0,0.0,0,0.9,194.2874398100423,2744.88305991293,1,0,339800.0
2023-06-09,1457.5999999999995,339800.0,0.0,0,0.9,283.6454062209534,2299.0981691809848,1,0,339800.0
2023-06-12,1399.5999999999995,339800.0,0.0,0,0.9,456.430860127562,1756.626480230451,1,0,339800.0
2023-06-13,1452.3999999999996,339800.0,0.0,0,0.9,487.5750394823682,1392.3992310138292,1,0,339800.0
2023-06-14,1519.0,339800.0,0.0,0,0.9,500.46825680181917,1107.5781626189944,1,0,339800.0
2023-06-15,1525.1999999999998,340144.0,0.0010123602118894404,10,0.9,0.0,0.0,0,1,193168.0
2023-06-16,785.0,340134.0,-2.939931323209244e-05,0,1.0,51.308358945997895,0.0,1,0,340134.0
2023-06-19,-10.200000000000728,340134.0,0.0,0,1.1,0.0,441.6564423318032,1,0,340134.0
2023-06-20,44.0,340134.0,0.0,0,1.1,0.0,1324.1425314300016,1,0,340134.0
2023-06-21,107.0,340134.0,0.0,0,1.1,0.0,1893.1020851043497,1,0,340134.0
2023-06-26,-559.6000000000004,340134.0,0.0,0,1.2,0.0,2197.158685535103,1,0,340134.0
2023-06-27,-599.3999999999996,340134.0,0.0,0,1.2,0.0,2840.0756909273414,1,0,340134.0
2023-06-28,-620.7999999999993,340134.0,0.0,0,1.2,0.0,3248.2194044103644,1,0,340134.0
2023-06-29,-546.3999999999996,340134.0,0.0,0,1.2,0.0,3490.1673717793824,1,0,340134.0
2023-06-30,-1296.6000000000004,340134.0,0.0,0,1.3,0.0,3555.106074765958,1,0,340134.0
2023-07-03,-1347.3999999999996,340134.0,0.0,0,1.3,0.0,4120.413847931312,1,0,340134.0
2023-07-04,-1303.2000000000007,340134.0,0.0,0,1.3,0.0,4524.256135160917,1,0,340134.0
2023-07-05,-1363.800000000001,339112.0,-0.003004698148376783,10,1.3,0.0,0.0,0,1,143138.0
2023-07-06,-1165.800000000001,339124.0,3.538653896062449e-05,0,1.3,0.0,154.5871476005419,1,0,339124.0
2023-07-07,-1954.5999999999985,339124.0,0.0,0,1.4,0.0,51.5248848082781,1,0,339124.0
2023-07-10,-1874.199999999999,339124.0,0.0,0,1.4,0.0,517.5652911747021,1,0,339124.0
2023-07-11,-1776.199999999999,339124.0,0.0,0,1.4,0.0,764.7631385748867,1,0,339124.0
2023-07-12,-1663.199999999999,339124.0,0.0,0,1.4,0.0,841.6313924319302,1,0,339124.0
2023-07-13,-2203.0,339124.0,0.0,0,1.5,0.0,765.2730165035489,1,0,339124.0
2023-07-14,-2387.0,339124.0,0.0,0,1.5,0.0,1076.8272314647636,1,0,339124.0
2023-07-17,-3246.2000000000007,339124.0,0.0,0,1.6,0.0,1406.173667489748,1,0,339124.0
2023-07-18,-3236.4000000000015,339124.0,0.0,0,1.6,0.0,2224.482114846508,1,0,339124.0
2023-07-19,-4250.799999999999,339124.0,0.0,0,1.7,0.0,2788.421733971489,1,0,339124.0
2023-07-20,-4178.4,339124.0,0.0,0,1.7,0.0,3890.594153977884,1,0,339124.0
2023-07-21,-4786.4,339124.0,0.0,0,1.8,0.0,4551.132428015097,1,0,339124.0
2023-07-24,-4814.0,339124.0,0.0,0,1.8,0.0,5379.287562298116,1,0,339124.0
2023-07-25,-5693.4,339124.0,0.0,0,1.9,0.0,5896.135386316374,1,0,339124.0
2023-07-26,-5818.799999999999,339124.0,0.0,0,1.9,0.0,6831.933284924891,1,0,339124.0
2023-07-27,-6749.0,339124.0,0.0,0,2.0,0.0,7517.537808545763,1,0,339124.0
2023-07-28,-6712.0,339124.0,0.0,0,2.0,0.0,8612.707185343568,1,0,339124.0
2023-07-31,-7447.4000000000015,339124.0,0.0,0,2.1,0.0,9293.506993501926,1,0,339124.0
2023-08-01,-8428.2,339124.0,0.0,0,2.2,0.0,10230.909840321228,1,0,339124.0
2023-08-02,-7852.600000000002,339124.0,0.0,0,2.1,0.0,11534.606985866667,1,0,339124.0
2023-08-03,-6854.0,339124.0,0.0,0,2.0,0.0,11921.496916581886,1,0,339124.0
2023-08-04,-6288.5999999999985,337024.0,-0.0061924251896061655,10,1.9,0.0,0.0,0,1,85704.0
2023-08-07,-4922.6,341544.0,0.013411507785795695,0,1.8,526.0013131659866,0.0,1,0,341544.0
2023-08-08,-4022.7999999999993,341544.0,0.0,0,1.7,1960.546562501058,0.0,1,0,341544.0
2023-08-09,-2514.0,341544.0,0.0,0,1.5,3686.4287644691144,0.0,1,0,341544.0
2023-08-10,-1060.6000000000004,341544.0,0.0,0,1.3,5948.543216945958,0.0,1,0,341544.0
2023-08-11,517.0,341544.0,0.0,0,1.1,8458.246552284028,0.0,1,0,341544.0
2023-08-14,1337.0,341544.0,0.0,0,1.0,11208.518245038653,0.0,1,0,341544.0
2023-08-15,397.39999999999964,341544.0,0.0,0,1.1,13547.571206348643,0.0,1,0,341544.0
2023-08-16,380.7999999999993,341544.0,0.0,0,1.1,14204.138658439875,0.0,1,0,341544.0
2023-08-17,-320.1999999999989,341544.0,0.0,0,1.2,14326.78429029995,0.0,1,0,341544.0
2023-08-18,-382.7999999999993,341544.0,0.0,0,1.2,13551.947423837444,0.0,1,0,341544.0
2023-08-21,-345.60000000000036,340860.0,-0.0020026702269693164,-10,1.2,0.0,0.0,0,1,152004.0
2023-08-22,389.0,340772.0,-0.00025817050988674595,0,1.1,0.0,257.7133408280198,1,0,340772.0
2023-08-23,347.59999999999854,340772.0,0.0,0,1.1,0.0,0.0,1,0,340772.0
2023-08-24,349.0,340772.0,0.0,0,1.1,86.00678644287711,0.0,1,0,340772.0
2023-08-25,1011.0,340772.0,0.0,0,1.0,183.56135395803375,0.0,1,0,340772.0
2023-08-28,2772.2,340772.0,0.0,0,0.8,784.4250206802924,0.0,1,0,340772.0
2023-08-29,2853.5999999999995,340772.0,0.0,0,0.8,2428.2443233139547,0.0,1,0,340772.0
2023-08-30,2862.0,340772.0,0.0,0,0.8,3595.8979057296433,0.0,1,0,340772.0
2023-08-31,3548.0,340772.0,0.0,0,0.7,4318.976179637584,0.0,1,0,340772.0
2023-09-01,4354.0,340772.0,0.0,0,0.6,5230.047911641519,0.0,1,0,340772.0
2023-09-04,4245.8,340772.0,0.0,0,0.6,6350.126399416592,0.0,1,0,340772.0
2023-09-05,5082.0,340772.0,0.0,0,0.5,6938.075783404483,0.0,1,0,340772.0
2023-09-06,5047.0,340772.0,0.0,0,0.5,7892.750333174635,0.0,1,0,340772.0
2023-09-07,4916.0,340772.0,0.0,0,0.5,8472.406074546778,0.0,1,0,340772.0
2023-09-08,5650.2,340772.0,0.0,0,0.4,8677.136294186188,0.0,1,0,340772.0
2023-09-11,5705.799999999999,340460.0,-0.0009155681804843274,-10,0.4,0.0,0.0,0,1,217898.0
2023-09-12,5661.4,340348.0,-0.00032896669212245655,0,0.4,422.6194507999185,0.0,1,0,340348.0
2023-09-13,5497.0,340348.0,0.0,0,0.4,631.0912595978111,0.0,1,0,340348.0
2023-09-14,5611.0,340348.0,0.0,0,0.4,593.4493905802491,0.0,1,0,340348.0
2023-09-15,6519.0,340348.0,0.0,0,0.3,601.8290593535623,0.0,1,0,340348.0
2023-09-18,6466.200000000001,340348.0,0.0,0,0.3,1234.6382829356558,0.0,1,0,340348.0
2023-09-19,5458.0,340348.0,0.0,0,0.4,1613.6533064178125,0.0,1,0,340348.0
2023-09-20,5503.0,340348.0,0.0,0,0.4,1000.8087682005528,162.12689035416753,1,0,340348.0
2023-09-21,3820.6000000000004,340348.0,0.0,0,0.6,453.5935207342668,241.9402143164544,1,0,340348.0
2023-09-22,3127.4000000000005,340348.0,0.0,0,0.7,0.0,1528.307073021248,1,0,340348.0
2023-09-25,1511.1999999999998,340348.0,0.0,0,0.9,0.0,2974.7404208541466,1,0,340348.0
2023-09-26,-122.60000000000036,340348.0,0.0,0,1.1,0.0,5156.856435941917,1,0,340348.0
2023-09-27,-904.3999999999996,340348.0,0.0,0,1.2,0.0,7774.389100379087,1,0,340348.0
2023-09-28,-1693.0,340348.0,0.0,0,1.3,0.0,10027.764980475195,1,0,340348.0
2023-10-09,-2309.7999999999993,340348.0,0.0,0,1.4,0.0,11994.68566284401,1,0,340348.0
2023-10-10,-2221.3999999999996,340348.0,0.0,0,1.4,0.0,13603.888439644103,1,0,340348.0
2023-10-11,-2286.0,340348.0,0.0,0,1.4,0.0,14430.25035493599,1,0,340348.0
2023-10-12,-2257.199999999999,340348.0,0.0,0,1.4,0.0,14854.482208837206,1,0,340348.0
2023-10-13,-1469.6000000000004,340324.0,-7.051606003272148e-05,10,1.3,0.0,0.0,0,1,141674.0
2023-10-16,-1475.0,340202.0,-0.0003584819172318676,0,1.3,136.6693018466006,0.0,1,0,340202.0
2023-10-17,-1506.3999999999996,340202.0,0.0,0,1.3,423.4339476853323,0.0,1,0,340202.0
2023-10-18,-761.1999999999989,340202.0,0.0,0,1.2,638.9410883993675,0.0,1,0,340202.0
2023-10-19,-49.80000000000109,340202.0,0.0,0,1.1,1303.8573816910584,0.0,1,0,340202.0
2023-10-20,-148.20000000000073,340202.0,0.0,0,1.1,2258.3220144874163,0.0,1,0,340202.0
2023-10-23,750.0,340202.0,0.0,0,1.0,2802.094753276233,0.0,1,0,340202.0
2023-10-24,631.0,340202.0,0.0,0,1.0,3776.7941518110383,0.0,1,0,340202.0
2023-10-25,1414.5999999999995,340202.0,0.0,0,0.9,4313.675096522874,0.0,1,0,340202.0
2023-10-26,1376.0,340202.0,0.0,0,0.9,5188.718681096989,0.0,1,0,340202.0
2023-10-27,1324.3999999999996,340202.0,0.0,0,0.9,5698.333403134409,0.0,1,0,340202.0
2023-10-30,1290.0,340202.0,0.0,0,0.9,5935.234229704999,0.0,1,0,340202.0
2023-10-31,1302.5999999999995,340202.0,0.0,0,0.9,5988.237909767654,0.0,1,0,340202.0
2023-11-01,1264.5999999999995,340524.0,0.0009464964932599518,-10,0.9,0.0,0.0,0,1,184170.0
2023-11-02,1202.3999999999996,340622.0,0.00028779175623450115,0,0.9,0.0,0.0,1,0,340622.0
2023-11-03,1247.8000000000002,340622.0,0.0,0,0.9,0.0,73.14115816423737,1,0,340622.0
2023-11-06,2036.5999999999995,340622.0,0.0,0,0.8,0.0,84.20585834367544,1,0,340622.0
2023-11-07,3602.0,340622.0,0.0,0,0.6,509.5359994149801,0.0,1,0,340622.0
2023-11-08,4401.0,340622.0,0.0,0,0.5,1962.5143950098902,0.0,1,0,340622.0
2023-11-09,5983.4,340622.0,0.0,0,0.3,3554.1677259466483,0.0,1,0,340622.0
2023-11-10,6858.6,340622.0,0.0,0,0.2,5777.146236044949,0.0,1,0,340622.0
2023-11-13,7787.0,340622.0,0.0,0,0.1,7886.583217902233,0.0,1,0,340622.0
2023-11-14,7876.0,340622.0,0.0,0,0.1,9889.277481657995,0.0,1,0,340622.0
2023-11-15,7942.6,340622.0,0.0,0,0.1,11145.34803719251,0.0,1,0,340622.0
2023-11-16,6985.2,340622.0,0.0,0,0.2,11855.791033540789,0.0,1,0,340622.0
2023-11-17,6858.0,340622.0,0.0,0,0.2,11365.672022553681,0.0,1,0,340622.0
2023-11-20,7742.6,340368.0,-0.0007456946409802878,-10,0.1,0.0,0.0,0,1,238470.0
2023-11-21,7697.0,340396.0,8.226390259946648e-05,0,0.1,53.727089064670935,0.0,1,0,340396.0
2023-11-22,7799.0,340396.0,0.0,0,0.1,0.0,0.0,1,0,340396.0
2023-11-23,7645.0,340396.0,0.0,0,0.1,20.194524736714584,0.0,1,0,340396.0
2023-11-24,7614.8,340396.0,0.0,0,0.1,0.0,0.0,1,0,340396.0
2023-11-27,6849.4,340396.0,0.0,0,0.2,0.0,0.0,1,0,340396.0
2023-11-28,6897.8,340396.0,0.0,0,0.2,0.0,399.970098849146,1,0,340396.0
2023-11-29,6846.6,340396.0,0.0,0,0.2,0.0,761.9125968645014,1,0,340396.0
2023-11-30,6125.0,340396.0,0.0,0,0.3,0.0,1028.651389044919,1,0,340396.0
2023-12-01,5962.200000000001,340396.0,0.0,0,0.3,0.0,1714.160813197036,1,0,340396.0
2023-12-04,5908.200000000001,340396.0,0.0,0,0.3,0.0,2275.77202937031,1,0,340396.0
2023-12-05,5054.4,340396.0,0.0,0,0.4,0.0,2655.0596968991513,1,0,340396.0
2023-12-06,4116.0,340396.0,0.0,0,0.5,0.0,3495.2404097719627,1,0,340396.0
2023-12-07,3527.8,340396.0,0.0,0,0.6,0.0,4731.018463799879,1,0,340396.0
2023-12-08,2852.8,340396.0,0.0,0,0.7,0.0,5972.52048037273,1,0,340396.0
2023-12-11,2804.6000000000004,340396.0,0.0,0,0.7,0.0,7257.697018816635,1,0,340396.0
2023-12-12,2840.8,340396.0,0.0,0,0.7,0.0,8097.894929297201,1,0,340396.0
2023-12-13,2809.0,340396.0,0.0,0,0.7,0.0,8518.045271625815,1,0,340396.0
2023-12-14,2792.0,340396.0,0.0,0,0.7,0.0,8701.738201426848,1,0,340396.0
2023-12-15,2788.6000000000004,340484.0,0.00025852242682056215,10,0.7,0.0,0.0,0,1,205974.0
2023-12-18,2751.8,340688.0,0.000599147096486119,0,0.7,0.0,0.0,1,0,340688.0
2023-12-19,2740.6000000000004,340688.0,0.0,0,0.7,0.0,36.96555577109007,1,0,340688.0
2023-12-20,2702.6000000000004,340688.0,0.0,0,0.7,0.0,68.84357535514563,1,0,340688.0
2023-12-21,2744.2000000000007,340688.0,0.0,0,0.7,0.0,118.0960696632213,1,0,340688.0
2023-12-22,2763.8,340688.0,0.0,0,0.7,0.0,116.64657278523867,1,0,340688.0
2023-12-25,2791.6000000000004,340688.0,0.0,0,0.7,0.0,92.29632848750848,1,0,340688.0
2023-12-26,2774.8,340688.0,0.0,0,0.7,21.547155453956666,40.12919822717981,1,0,340688.0
2023-12-27,2775.2000000000007,340688.0,0.0,0,0.7,29.353862427703127,3.8787623437824337,1,0,340688.0
2023-12-28,3535.4000000000005,340688.0,0.0,0,0.6,33.60978045241458,0.0,1,0,340688.0
2023-12-29,3451.8,340688.0,0.0,0,0.6,551.8625507613227,0.0,1,0,340688.0
2024-01-02,3403.2,340688.0,0.0,0,0.6,849.8614987514494,0.0,1,0,340688.0
2024-01-03,2655.6000000000004,340688.0,0.0,0,0.7,997.5371285205276,0.0,1,0,340688.0
2024-01-04,2658.6000000000004,340688.0,0.0,0,0.7,404.6361369732607,206.6418655955914,1,0,340688.0
2024-01-05,2658.6000000000004,340688.0,0.0,0,0.7,0.0,382.2889642067081,1,0,340688.0
2024-01-08,2610.0,340688.0,0.0,0,0.7,0.0,534.0102600609714,1,0,340688.0
2024-01-09,2661.0,340688.0,0.0,0,0.7,0.0,700.6117193092452,1,0,340688.0
2024-01-10,2645.4000000000005,340688.0,0.0,0,0.7,0.0,720.5390281563582,1,0,340688.0
2024-01-11,2659.8,340688.0,0.0,0,0.7,0.0,688.2371359220252,1,0,340688.0
2024-01-12,2632.4000000000005,340434.0,-0.0007455501808105724,10,0.7,0.0,0.0,0,3,208746.0
2024-01-15,2741.2000000000007,341522.0,0.003195920501477545,10,0.7,0.0,4.54203872536171,1,3,208746.0
2024-01-16,2722.8,341338.0,-0.0005387647062268242,10,0.7,62.39158526349246,0.0,2,3,208746.0
2024-01-17,2003.0,341400.0,0.00018163814166594072,0,0.8,93.85680017416853,0.0,3,0,341400.0
2024-01-18,1281.3999999999996,341400.0,0.0,0,0.9,0.0,448.82103530678614,3,0,341400.0
2024-01-19,-1056.3999999999996,341400.0,0.0,0,1.2,0.0,1276.5627267517068,3,0,341400.0
2024-01-22,-1163.199999999999,341400.0,0.0,0,1.2,0.0,3492.097889816791,3,0,341400.0
2024-01-23,-338.8000000000011,341400.0,0.0,0,1.1,0.0,5098.239043884619,3,0,341400.0
2024-01-24,-318.40000000000146,341400.0,0.0,0,1.1,0.0,5462.743459637414,3,0,341400.0
2024-01-25,-383.2000000000007,341400.0,0.0,0,1.1,0.0,5455.01463996668,3,0,341400.0
2024-01-26,381.0,341400.0,0.0,0,1.0,0.0,5247.074023808524,3,0,341400.0
2024-01-29,423.0,341400.0,0.0,0,1.0,188.19064586615326,4216.8075268175335,3,0,341400.0
2024-01-30,432.0,341400.0,0.0,0,1.0,652.8548677484587,3133.7574629855526,3,0,341400.0
2024-01-31,444.0,341400.0,0.0,0,1.0,927.7725497256399,2268.21800210559,3,0,341400.0
2024-02-01,509.0,341400.0,0.0,0,1.0,1075.0137762943798,1710.2020858171863,3,0,341400.0
2024-02-02,531.0,341400.0,0.0,0,1.0,1177.9756844537956,1220.1354225480304,3,0,341400.0
2024-02-05,1282.3999999999996,341400.0,0.0,0,0.9,1214.9852633379842,862.8021442893614,3,0,341400.0
2024-02-06,1283.1999999999998,341400.0,0.0,0,0.9,1766.8446372021724,0.0,3,0,341400.0
2024-02-07,1920.3999999999996,341400.0,0.0,0,0.8,2149.550062797236,0.0,3,0,341400.0
2024-02-08,1953.3999999999996,341400.0,0.0,0,0.8,2863.2026117748915,0.0,3,0,341400.0
2024-02-19,1913.7999999999993,341400.0,0.0,0,0.8,3357.807354568214,0.0,3,0,341400.0
2024-02-20,1920.7999999999993,341400.0,0.0,0,0.8,3613.8939401191415,0.0,3,0,341400.0
2024-02-21,1904.7999999999993,341400.0,0.0,0,0.8,3721.0426997107215,0.0,3,0,341400.0
2024-02-22,1970.7999999999993,341400.0,0.0,0,0.8,3729.7289143454564,0.0,3,0,341400.0
2024-02-23,1929.3999999999996,341914.0,0.001505565319273483,-10,0.8,0.0,0.0,0,1,205048.0
2024-02-26,1900.5999999999995,342004.0,0.00026322408558887567,0,0.8,0.0,0.0,1,0,342004.0
2024-02-27,1946.7999999999993,342004.0,0.0,0,0.8,0.0,14.113970360196115,1,0,342004.0
2024-02-28,1963.5999999999995,342004.0,0.0,0,0.8,7.638913205000431,0.0,1,0,342004.0
2024-02-29,1946.5999999999995,342004.0,0.0,0,0.8,23.629869049725308,0.0,1,0,342004.0
2024-03-01,1932.5999999999995,342004.0,0.0,0,0.8,19.08976750141139,0.0,1,0,342004.0
2024-03-04,1920.5999999999995,342004.0,0.0,0,0.8,0.0,0.0,1,0,342004.0
2024-03-05,1926.7999999999993,342004.0,0.0,0,0.8,0.0,3.474842835095549,1,0,342004.0
2024-03-06,1994.5999999999995,342004.0,0.0,0,0.8,0.0,0.31467222139580997,1,0,342004.0
2024-03-07,2023.5999999999995,342004.0,0.0,0,0.8,34.55820855933625,0.0,1,0,342004.0
2024-03-08,2026.1999999999998,342004.0,0.0,0,0.8,80.64421736154203,0.0,1,0,342004.0
2024-03-11,1963.7999999999993,342004.0,0.0,0,0.8,116.43031989722843,0.0,1,0,342004.0
2024-03-12,1988.3999999999996,342004.0,0.0,0,0.8,87.77559256235347,0.0,1,0,342004.0
2024-03-13,1200.3999999999996,342004.0,0.0,0,0.9,77.14661260967479,0.0,1,0,342004.0
2024-03-14,1220.0,342004.0,0.0,0,0.9,0.0,524.739900864503,1,0,342004.0
2024-03-15,1203.8000000000002,342004.0,0.0,0,0.9,0.0,885.7571298527778,1,0,342004.0
2024-03-18,1225.3999999999996,342004.0,0.0,0,0.9,0.0,1130.7703812306224,1,0,342004.0
2024-03-19,1235.0,342004.0,0.0,0,0.9,0.0,1243.415202338579,1,0,342004.0
2024-03-20,1274.0,342004.0,0.0,0,0.9,0.0,1256.8928504840314,1,0,342004.0
2024-03-21,1274.8000000000002,342004.0,0.0,0,0.9,0.0,1173.665049171805,1,0,342004.0
2024-03-22,1284.5999999999995,342082.0,0.00022806750798243236,10,0.9,0.0,0.0,0,3,186892.0
2024-03-25,1265.8000000000002,341894.0,-0.0005495758326951039,10,0.9,23.282262705083966,0.0,1,3,186892.0
2024-03-26,1202.3999999999996,341260.0,-0.0018543759176821162,10,0.9,21.92441472746294,0.0,2,3,186892.0
2024-03-27,1160.3999999999996,341362.0,0.00029889234015123556,0,0.9,0.0,33.88543210134635,3,0,341362.0
2024-03-28,352.0,341362.0,0.0,0,1.0,0.0,92.86019483725084,3,0,341362.0
2024-03-29,306.0,341362.0,0.0,0,1.0,0.0,687.0749449428828,3,0,341362.0
2024-04-01,1038.1999999999998,341362.0,0.0,0,0.9,0.0,1136.2140241873585,3,0,341362.0
2024-04-02,1167.3999999999996,341362.0,0.0,0,0.9,0.0,828.1711468628997,3,0,341362.0
2024-04-03,1275.8000000000002,341362.0,0.0,0,0.9,32.62583971716248,380.9112722943483,3,0,341362.0
2024-04-08,1349.8000000000002,341362.0,0.0,0,0.9,171.53563143237767,0.0,3,0,341362.0
2024-04-09,1376.0,341362.0,0.0,0,0.9,353.67393637935646,0.0,3,0,341362.0
2024-04-10,1389.3999999999996,341362.0,0.0,0,0.9,519.055404763784,0.0,3,0,341362.0
2024-04-11,1332.1999999999998,341362.0,0.0,0,0.9,587.3572049570139,0.0,3,0,341362.0
2024-04-12,1309.5999999999995,341362.0,0.0,0,0.9,579.5273280792851,0.0,3,0,341362.0
2024-04-15,1309.3999999999996,341362.0,0.0,0,0.9,537.1127392210872,0.0,3,0,341362.0
2024-04-16,1286.0,341602.0,0.0007030659534452699,-10,0.9,0.0,0.0,0,1,190562.0
2024-04-17,1285.5999999999995,341784.0,0.0005327837659030443,0,0.9,0.0,31.170488460830917,1,0,341784.0
2024-04-18,2025.5999999999995,341784.0,0.0,0,0.8,0.0,51.71053194170373,1,0,341784.0
2024-04-19,2065.0,341784.0,0.0,0,0.8,471.15589875027194,0.0,1,0,341784.0
2024-04-22,2824.4000000000005,341784.0,0.0,0,0.7,838.9697114320131,0.0,1,0,341784.0
2024-04-23,3054.4000000000005,341784.0,0.0,0,0.7,1635.0012905202416,0.0,1,0,341784.0
2024-04-24,3044.4000000000005,341784.0,0.0,0,0.7,2340.5155092650803,0.0,1,0,341784.0
2024-04-25,3729.2,341784.0,0.0,0,0.6,2773.931239034341,0.0,1,0,341784.0
2024-04-26,3773.2,341784.0,0.0,0,0.6,3515.8610796232615,0.0,1,0,341784.0
2024-04-29,4614.0,341784.0,0.0,0,0.5,4007.249219939673,0.0,1,0,341784.0
2024-04-30,4593.0,341784.0,0.0,0,0.5,4911.742321816671,0.0,1,0,341784.0
2024-05-06,4674.0,341784.0,0.0,0,0.5,5475.398260965912,0.0,1,0,341784.0
2024-05-07,4773.0,341784.0,0.0,0,0.5,5865.324057303258,0.0,1,0,341784.0
2024-05-08,4034.0,341784.0,0.0,0,0.6,6136.856740552418,0.0,1,0,341784.0
2024-05-09,3242.4000000000005,341906.0,0.0003569505886757973,-10,0.7,0.0,0.0,0,1,208588.0
2024-05-10,3260.0,341962.0,0.00016378770773251006,0,0.7,0.0,712.8457012198,1,0,341962.0
2024-05-13,4139.400000000001,341962.0,0.0,0,0.6,0.0,1287.44744856071,1,0,341962.0
2024-05-14,2661.2,341962.0,0.0,0,0.8,0.0,929.3422067355475,1,0,341962.0
2024-05-15,973.0,341962.0,0.0,0,1.0,0.0,1697.8225341981095,1,0,341962.0
2024-05-16,155.1999999999989,341962.0,0.0,0,1.1,0.0,3401.8784420703605,1,0,341962.0
2024-05-17,-702.1999999999989,341962.0,0.0,0,1.2,0.0,5123.746057515224,1,0,341962.0
2024-05-20,-2366.3999999999996,341962.0,0.0,0,1.4,0.0,6876.765204856378,1,0,341962.0
2024-05-21,-3154.0,341962.0,0.0,0,1.5,0.0,9239.71652335078,1,0,341962.0
2024-05-22,-3921.2000000000007,341962.0,0.0,0,1.6,0.0,11333.423824083862,1,0,341962.0
2024-05-23,-3917.800000000001,341962.0,0.0,0,1.6,0.0,13161.860870326745,1,0,341962.0
2024-05-24,-3910.800000000001,341962.0,0.0,0,1.6,0.0,14235.36466886201,1,0,341962.0
2024-05-27,-3932.4000000000015,341962.0,0.0,0,1.6,0.0,14765.843245738823,1,0,341962.0
2024-05-28,-4056.6000000000004,340864.0,-0.0032108830805761546,10,1.6,0.0,0.0,0,1,127094.0
2024-05-29,-3182.0,340800.0,-0.00018775816748028973,0,1.5,0.0,135.8982590348685,1,0,340800.0
2024-05-30,-2429.0,340800.0,0.0,0,1.4,351.04574478929896,0.0,1,0,340800.0
2024-05-31,-2486.0,340800.0,0.0,0,1.4,1243.272494815222,0.0,1,0,340800.0
2024-06-03,-1611.6000000000004,340800.0,0.0,0,1.3,1816.135669735674,0.0,1,0,340800.0
2024-06-04,-853.7999999999993,340800.0,0.0,0,1.2,2820.9242357946546,0.0,1,0,340800.0
2024-06-05,-830.1999999999989,340800.0,0.0,0,1.2,4029.7287456826225,0.0,1,0,340800.0
2024-06-06,-115.60000000000036,340800.0,0.0,0,1.1,4808.644287123914,0.0,1,0,340800.0
2024-06-07,604.0,340800.0,0.0,0,1.0,5785.0170116536065,0.0,1,0,340800.0
2024-06-11,1483.8000000000002,340800.0,0.0,0,0.9,6916.465452934064,0.0,1,0,340800.0
2024-06-12,1477.1999999999998,340800.0,0.0,0,0.9,8276.682324465946,0.0,1,0,340800.0
2024-06-13,2165.3999999999996,340800.0,0.0,0,0.8,9127.27452189614,0.0,1,0,340800.0
2024-06-14,2161.7999999999993,340800.0,0.0,0,0.8,10130.374759634733,0.0,1,0,340800.0
2024-06-17,2853.2000000000007,340800.0,0.0,0,0.7,10725.364045212096,0.0,1,0,340800.0
2024-06-18,2836.0,340800.0,0.0,0,0.7,11554.91223046938,0.0,1,0,340800.0
2024-06-19,2055.2,340752.0,-0.00014084507042255723,-10,0.8,0.0,0.0,0,1,202620.0
2024-06-20,2105.0,340578.0,-0.0005106353007465758,0,0.8,0.0,0.0,1,0,340578.0
2024-06-21,2037.1999999999998,340578.0,0.0,0,0.8,0.0,0.0,1,0,340578.0
2024-06-24,1326.1999999999998,340578.0,0.0,0,0.9,0.0,96.97331862330523,1,0,340578.0
2024-06-25,-1024.6000000000004,340578.0,0.0,0,1.2,0.0,704.7395552455187,1,0,340578.0
2024-06-26,-2591.0,340578.0,0.0,0,1.4,0.0,2806.6972513372925,1,0,340578.0
2024-06-27,-4898.0,340578.0,0.0,0,1.7,0.0,5363.785981941664,1,0,340578.0
2024-06-28,-5719.200000000001,340578.0,0.0,0,1.8,0.0,8733.254040862786,1,0,340578.0
2024-07-01,-7290.0,340578.0,0.0,0,2.0,0.0,11569.583904726644,1,0,340578.0
2024-07-02,-7330.0,340578.0,0.0,0,2.0,0.0,14481.115688715758,1,0,340578.0
2024-07-03,-6487.0,340578.0,0.0,0,1.9,0.0,16234.94619526676,1,0,340578.0
2024-07-04,-6397.5999999999985,340578.0,0.0,0,1.9,0.0,16465.746982871733,1,0,340578.0
2024-07-05,-6376.799999999999,340578.0,0.0,0,1.9,0.0,16217.923478877674,1,0,340578.0
2024-07-08,-6270.799999999999,341824.0,0.0036584864553788066,10,1.9,0.0,0.0,0,1,101824.0
2024-07-09,-5425.800000000001,341864.0,0.0001170192847781415,0,1.8,0.0,0.0,1,0,341864.0
2024-07-10,-4567.4,341864.0,0.0,0,1.7,759.7407138540168,0.0,1,0,341864.0
2024-07-11,-2329.7999999999993,341864.0,0.0,0,1.4,1874.0398549823608,0.0,1,0,341864.0
2024-07-12,-794.6000000000004,341864.0,0.0,0,1.2,4188.123311729651,0.0,1,0,341864.0
2024-07-15,12.799999999999272,341864.0,0.0,0,1.1,6879.575397237515,0.0,1,0,341864.0
2024-07-16,720.0,341864.0,0.0,0,1.0,9254.639766361539,0.0,1,0,341864.0
2024-07-17,1473.0,341864.0,0.0,0,0.9,11248.045904431112,0.0,1,0,341864.0
2024-07-18,1673.1999999999998,341864.0,0.0,0,0.9,12956.39306882674,0.0,1,0,341864.0
2024-07-19,1697.8000000000002,341864.0,0.0,0,0.9,14050.082526733193,0.0,1,0,341864.0
2024-07-22,2463.2,341864.0,0.0,0,0.8,14645.581329178924,0.0,1,0,341864.0
2024-07-23,2463.7999999999993,341832.0,-9.360447429385133e-05,-10,0.8,0.0,0.0,0,1,192810.0
2024-07-24,2470.0,341770.0,-0.00018137564651643512,0,0.8,518.5344513054829,0.0,1,0,341770.0
2024-07-25,3225.0,341770.0,0.0,0,0.7,807.1525042613439,0.0,1,0,341770.0
2024-07-26,3326.2000000000007,341770.0,0.0,0,0.7,1511.8099928184365,0.0,1,0,341770.0
2024-07-29,3283.4000000000005,341770.0,0.0,0,0.7,2038.886683560183,0.0,1,0,341770.0
2024-07-30,3128.8,341770.0,0.0,0,0.7,2316.8978557461355,0.0,1,0,341770.0
2024-07-31,3073.8,341770.0,0.0,0,0.7,2327.699201859321,0.0,1,0,341770.0
2024-08-01,3001.0,341770.0,0.0,0,0.7,2219.9369638083404,0.0,1,0,341770.0
2024-08-02,2215.5999999999995,341770.0,0.0,0,0.8,2003.5111258741742,0.0,1,0,341770.0
2024-08-05,1491.8000000000002,341770.0,0.0,0,0.9,992.9565131876013,630.7596730277137,1,0,341770.0
2024-08-06,1382.8000000000002,341770.0,0.0,0,0.9,0.0,1586.9037855387612,1,0,341770.0
2024-08-07,742.0,341770.0,0.0,0,1.0,0.0,2310.2667684544226,1,0,341770.0
2024-08-08,739.0,341770.0,0.0,0,1.0,0.0,3235.604131689337,1,0,341770.0
2024-08-09,17.399999999999636,341770.0,0.0,0,1.1,0.0,3813.638508790803,1,0,341770.0
2024-08-12,44.399999999999636,341770.0,0.0,0,1.1,0.0,4665.670328045764,1,0,341770.0
2024-08-13,14.199999999998909,341770.0,0.0,0,1.1,0.0,5167.79083122005,1,0,341770.0
2024-08-14,-778.1999999999989,341770.0,0.0,0,1.2,0.0,5468.401167585203,1,0,341770.0
2024-08-15,-1531.2000000000007,341770.0,0.0,0,1.3,0.0,6204.84269885281,1,0,341770.0
2024-08-16,-2230.199999999999,341770.0,0.0,0,1.4,0.0,7221.921542362235,1,0,341770.0
2024-08-19,-2258.199999999999,341770.0,0.0,0,1.4,0.0,8399.989715194393,1,0,341770.0
2024-08-20,-3051.0,341770.0,0.0,0,1.5,0.0,9174.671672739718,1,0,341770.0
2024-08-21,-3002.0,341770.0,0.0,0,1.5,0.0,10227.015139291965,1,0,341770.0
2024-08-22,-3017.0,341770.0,0.0,0,1.5,0.0,10824.963823350185,1,0,341770.0
2024-08-23,-3065.0,341460.0,-0.0009070427480469823,10,1.5,0.0,0.0,0,1,148430.0
2024-08-26,-3815.6000000000004,341210.0,-0.0007321501786446971,0,1.6,0.0,172.12965061380078,1,0,341210.0
2024-08-27,-3847.2000000000007,341210.0,0.0,0,1.6,0.0,796.2860039542434,1,0,341210.0
2024-08-28,-3858.2000000000007,341210.0,0.0,0,1.6,0.0,1220.2143257881,1,0,341210.0
2024-08-29,-3893.800000000001,341210.0,0.0,0,1.6,0.0,1483.075360688362,1,0,341210.0
2024-08-30,-3152.0,341210.0,0.0,0,1.5,0.0,1655.8705139454964,1,0,341210.0
2024-09-02,-3149.0,341210.0,0.0,0,1.5,160.69142408337365,1078.0476523145837,1,0,341210.0
2024-09-03,-2076.199999999999,341210.0,0.0,0,1.4,355.4002205910794,490.5278773937168,1,0,341210.0
2024-09-04,-2773.0,341210.0,0.0,0,1.5,1342.4336171971283,0.0,1,0,341210.0
2024-09-05,-2734.0,341210.0,0.0,0,1.5,1479.852326812879,0.0,1,0,341210.0
2024-09-06,-2787.0,341210.0,0.0,0,1.5,1514.0823533180385,0.0,1,0,341210.0
2024-09-09,-3537.6000000000004,341210.0,0.0,0,1.6,1388.1866177542227,0.0,1,0,341210.0
2024-09-10,-3537.0,341210.0,0.0,0,1.6,507.8888100417323,420.95933514465423,1,0,341210.0
2024-09-11,-3480.800000000001,341210.0,0.0,0,1.6,0.0,758.0252966948982,1,0,341210.0
2024-09-12,-4149.0,341210.0,0.0,0,1.7,0.0,973.4088027894968,1,0,341210.0
2024-09-13,-4812.4,341210.0,0.0,0,1.8,0.0,1568.758668435653,1,0,341210.0
2024-09-18,-5704.799999999999,341210.0,0.0,0,1.9,0.0,2439.1501896163472,1,0,341210.0
2024-09-19,-6591.0,341210.0,0.0,0,2.0,0.0,3652.9237162303402,1,0,341210.0
2024-09-20,-6647.0,341210.0,0.0,0,2.0,0.0,5089.519003433293,1,0,341210.0
2024-09-23,-6688.0,341210.0,0.0,0,2.0,0.0,6072.276282518978,1,0,341210.0
2024-09-24,-6714.0,341210.0,0.0,0,2.0,0.0,6665.904459302061,1,0,341210.0
2024-09-25,-6823.0,341210.0,0.0,0,2.0,0.0,6954.375917761007,1,0,341210.0
2024-09-26,-6892.0,341210.0,0.0,0,2.0,0.0,7120.005807462398,1,0,341210.0
2024-09-27,-6012.799999999999,342680.0,0.004308197297851812,10,1.9,0.0,0.0,0,1,82470.0
2024-09-30,-6013.199999999999,343120.0,0.0012839967316446987,0,1.9,467.0065296007089,0.0,1,0,343120.0
2024-10-08,-6030.0,343120.0,0.0,0,1.9,810.047606593944,0.0,1,0,343120.0
2024-10-09,-6029.199999999999,343120.0,0.0,0,1.9,1027.2694646186858,0.0,1,0,343120.0
2024-10-10,-6006.5999999999985,343120.0,0.0,0,1.9,1144.9271596998587,0.0,1,0,343120.0
2024-10-11,-5282.800000000001,343120.0,0.0,0,1.8,1191.4245367038075,0.0,1,0,343120.0
2024-10-14,-5322.6,343120.0,0.0,0,1.8,1713.7921261964016,0.0,1,0,343120.0
2024-10-15,-4401.799999999999,343120.0,0.0,0,1.7,2030.326685434499,0.0,1,0,343120.0
2024-10-16,-4458.4,343120.0,0.0,0,1.7,2901.586812050507,0.0,1,0,343120.0
2024-10-17,-3658.6000000000004,343120.0,0.0,0,1.6,3448.1415108326914,0.0,1,0,343120.0
2024-10-18,-3619.4000000000015,343120.0,0.0,0,1.6,4369.707385368875,0.0,1,0,343120.0
2024-10-21,-3036.0,343120.0,0.0,0,1.5,4980.2618051313475,0.0,1,0,343120.0
2024-10-22,-2223.0,343120.0,0.0,0,1.4,5765.251530084631,0.0,1,0,343120.0
2024-10-23,-1390.800000000001,343120.0,0.0,0,1.3,6849.6620787871025,0.0,1,0,343120.0
2024-10-24,-475.7999999999993,343120.0,0.0,0,1.2,8149.813477873657,0.0,1,0,343120.0
2024-10-25,-486.60000000000036,343120.0,0.0,0,1.2,9665.690003375,0.0,1,0,343120.0
2024-10-28,387.1999999999989,343120.0,0.0,0,1.1,10618.029483572987,0.0,1,0,343120.0
2024-10-29,321.1999999999989,343120.0,0.0,0,1.1,11818.269668496578,0.0,1,0,343120.0
2024-10-30,249.79999999999927,343120.0,0.0,0,1.1,12480.207444966503,0.0,1,0,343120.0
2024-10-31,1005.0,343824.0,0.002051760317090201,-10,1.0,0.0,0.0,0,1,154354.0
2024-11-01,2049.8,343946.0,0.000354832705104835,0,0.9,668.0057642162892,0.0,1,0,343946.0
2024-11-04,1901.0,343946.0,0.0,0,0.9,1841.319174903658,0.0,1,0,343946.0
2024-11-05,2607.3999999999996,343946.0,0.0,0,0.8,2502.860532227759,0.0,1,0,343946.0
2024-11-06,3399.2000000000007,343946.0,0.0,0,0.7,3411.337433538782,0.0,1,0,343946.0
2024-11-07,4215.400000000001,343946.0,0.0,0,0.6,4573.36767206332,0.0,1,0,343946.0
2024-11-08,5427.0,343946.0,0.0,0,0.5,5907.543182918222,0.0,1,0,343946.0
2024-11-11,5462.0,343946.0,0.0,0,0.5,7634.103818727701,0.0,1,0,343946.0
2024-11-12,5235.0,343946.0,0.0,0,0.5,8765.950623708914,0.0,1,0,343946.0
2024-11-13,6011.2,343946.0,0.0,0,0.4,9245.630882780146,0.0,1,0,343946.0
2024-11-14,5961.0,343946.0,0.0,0,0.4,10009.258892570173,0.0,1,0,343946.0
2024-11-15,5961.4,343946.0,0.0,0,0.4,10389.870828308196,0.0,1,0,343946.0
2024-11-18,6053.0,343608.0,-0.0009827124025283407,-10,0.4,0.0,0.0,0,1,216938.0
2024-11-19,5248.0,343732.0,0.0003608763474656218,0,0.5,152.25779001661414,0.0,1,0,343732.0
2024-11-20,5238.0,343732.0,0.0,0,0.5,0.0,269.9962181610066,1,0,343732.0
2024-11-21,5140.0,343732.0,0.0,0,0.5,0.0,501.7596152036445,1,0,343732.0
2024-11-22,4168.2,343732.0,0.0,0,0.6,0.0,808.8206679186105,1,0,343732.0
2024-11-25,3371.4000000000005,343732.0,0.0,0,0.7,0.0,1701.461494395733,1,0,343732.0
2024-11-26,3285.6000000000004,343732.0,0.0,0,0.7,0.0,2876.6077690145958,1,0,343732.0
2024-11-27,2507.3999999999996,343732.0,0.0,0,0.8,0.0,3708.47006489354,1,0,343732.0
2024-11-28,1696.1999999999998,343732.0,0.0,0,0.9,0.0,4781.980627667669,1,0,343732.0
2024-11-29,740.0,343732.0,0.0,0,1.0,0.0,6058.9216675413445,1,0,343732.0
2024-12-02,975.0,343732.0,0.0,0,1.0,0.0,7563.914953064135,1,0,343732.0
2024-12-03,990.0,343732.0,0.0,0,1.0,0.0,8330.659512436381,1,0,343732.0
2024-12-04,707.0,343732.0,0.0,0,1.0,0.0,8719.04071460788,1,0,343732.0
2024-12-05,-29.400000000001455,343732.0,0.0,0,1.1,0.0,9070.986994202382,1,0,343732.0
2024-12-06,118.39999999999964,345060.0,0.0038634750328745415,10,1.1,0.0,0.0,0,1,169768.0
2024-12-09,225.59999999999854,344944.0,-0.00033617341911551524,0,1.1,0.0,334.5566321248027,1,0,344944.0
2024-12-10,960.0,344944.0,0.0,0,1.0,0.0,431.1677137499742,1,0,344944.0
2024-12-11,1010.0,344944.0,0.0,0,1.0,173.25949971647913,0.0,1,0,344944.0
2024-12-12,968.0,344944.0,0.0,0,1.0,388.74829042460567,0.0,1,0,344944.0
2024-12-13,965.0,344944.0,0.0,0,1.0,567.058480944299,0.0,1,0,344944.0
2024-12-16,1124.0,344944.0,0.0,0,1.0,693.7332691533305,0.0,1,0,344944.0
2024-12-17,1126.0,344944.0,0.0,0,1.0,844.5807544266283,0.0,1,0,344944.0
2024-12-18,1150.0,344944.0,0.0,0,1.0,903.9315448514301,0.0,1,0,344944.0
2024-12-19,1232.0,344944.0,0.0,0,1.0,967.5444826694355,0.0,1,0,344944.0
2024-12-20,1436.0,344944.0,0.0,0,1.0,1066.2919162635392,0.0,1,0,344944.0
2024-12-23,2104.8,344944.0,0.0,0,0.9,1278.4685491803332,0.0,1,0,344944.0
2024-12-24,2850.7999999999993,344944.0,0.0,0,0.8,1887.8470679385189,0.0,1,0,344944.0
2024-12-25,3592.6000000000004,344944.0,0.0,0,0.7,2832.753526271917,0.0,1,0,344944.0
2024-12-26,4346.8,344944.0,0.0,0,0.6,4013.6152504823776,0.0,1,0,344944.0
2024-12-27,4362.400000000001,344944.0,0.0,0,0.6,5348.423177290217,0.0,1,0,344944.0
2024-12-30,5100.0,344944.0,0.0,0,0.5,6210.764718119021,0.0,1,0,344944.0
2024-12-31,5201.0,344944.0,0.0,0,0.5,7247.560496384803,0.0,1,0,344944.0
